mode3:H: Re(Hz) vs position, x=5e-06(m), lambda=1.55e-06(m) 

y(microns)(161,1)
 -1.600000000000e+000
 -1.580000000000e+000
 -1.560000000000e+000
 -1.540000000000e+000
 -1.520000000000e+000
 -1.500000000000e+000
 -1.480000000000e+000
 -1.460000000000e+000
 -1.440000000000e+000
 -1.420000000000e+000
 -1.400000000000e+000
 -1.380000000000e+000
 -1.360000000000e+000
 -1.340000000000e+000
 -1.320000000000e+000
 -1.300000000000e+000
 -1.280000000000e+000
 -1.260000000000e+000
 -1.240000000000e+000
 -1.220000000000e+000
 -1.200000000000e+000
 -1.180000000000e+000
 -1.160000000000e+000
 -1.140000000000e+000
 -1.120000000000e+000
 -1.100000000000e+000
 -1.080000000000e+000
 -1.060000000000e+000
 -1.040000000000e+000
 -1.020000000000e+000
 -1.000000000000e+000
 -9.800000000000e-001
 -9.600000000000e-001
 -9.400000000000e-001
 -9.200000000000e-001
 -9.000000000000e-001
 -8.800000000000e-001
 -8.600000000000e-001
 -8.400000000000e-001
 -8.200000000000e-001
 -8.000000000000e-001
 -7.800000000000e-001
 -7.600000000000e-001
 -7.400000000000e-001
 -7.200000000000e-001
 -7.000000000000e-001
 -6.800000000000e-001
 -6.600000000000e-001
 -6.400000000000e-001
 -6.200000000000e-001
 -6.000000000000e-001
 -5.800000000000e-001
 -5.600000000000e-001
 -5.400000000000e-001
 -5.200000000000e-001
 -5.000000000000e-001
 -4.800000000000e-001
 -4.600000000000e-001
 -4.400000000000e-001
 -4.200000000000e-001
 -4.000000000000e-001
 -3.800000000000e-001
 -3.600000000000e-001
 -3.400000000000e-001
 -3.200000000000e-001
 -3.000000000000e-001
 -2.800000000000e-001
 -2.600000000000e-001
 -2.400000000000e-001
 -2.200000000000e-001
 -2.000000000000e-001
 -1.800000000000e-001
 -1.600000000000e-001
 -1.400000000000e-001
 -1.200000000000e-001
 -1.000000000000e-001
 -8.000000000000e-002
 -6.000000000000e-002
 -4.000000000000e-002
 -2.000000000000e-002
 0.000000000000e+000
 2.000000000000e-002
 4.000000000000e-002
 6.000000000000e-002
 8.000000000000e-002
 1.000000000000e-001
 1.200000000000e-001
 1.400000000000e-001
 1.600000000000e-001
 1.800000000000e-001
 2.000000000000e-001
 2.200000000000e-001
 2.400000000000e-001
 2.600000000000e-001
 2.800000000000e-001
 3.000000000000e-001
 3.200000000000e-001
 3.400000000000e-001
 3.600000000000e-001
 3.800000000000e-001
 4.000000000000e-001
 4.200000000000e-001
 4.400000000000e-001
 4.600000000000e-001
 4.800000000000e-001
 5.000000000000e-001
 5.200000000000e-001
 5.400000000000e-001
 5.600000000000e-001
 5.800000000000e-001
 6.000000000000e-001
 6.200000000000e-001
 6.400000000000e-001
 6.600000000000e-001
 6.800000000000e-001
 7.000000000000e-001
 7.200000000000e-001
 7.400000000000e-001
 7.600000000000e-001
 7.800000000000e-001
 8.000000000000e-001
 8.200000000000e-001
 8.400000000000e-001
 8.600000000000e-001
 8.800000000000e-001
 9.000000000000e-001
 9.200000000000e-001
 9.400000000000e-001
 9.600000000000e-001
 9.800000000000e-001
 1.000000000000e+000
 1.020000000000e+000
 1.040000000000e+000
 1.060000000000e+000
 1.080000000000e+000
 1.100000000000e+000
 1.120000000000e+000
 1.140000000000e+000
 1.160000000000e+000
 1.180000000000e+000
 1.200000000000e+000
 1.220000000000e+000
 1.240000000000e+000
 1.260000000000e+000
 1.280000000000e+000
 1.300000000000e+000
 1.320000000000e+000
 1.340000000000e+000
 1.360000000000e+000
 1.380000000000e+000
 1.400000000000e+000
 1.420000000000e+000
 1.440000000000e+000
 1.460000000000e+000
 1.480000000000e+000
 1.500000000000e+000
 1.520000000000e+000
 1.540000000000e+000
 1.560000000000e+000
 1.580000000000e+000
 1.600000000000e+000

z(microns)(23,1)
 -1.100000000000e-001
 -9.000000000000e-002
 -7.000000000000e-002
 -5.000000000000e-002
 -3.000000000000e-002
 -1.000000000000e-002
 1.000000000000e-002
 3.000000000000e-002
 5.000000000000e-002
 7.000000000000e-002
 9.000000000000e-002
 1.100000000000e-001
 1.300000000000e-001
 1.500000000000e-001
 1.700000000000e-001
 1.900000000000e-001
 2.100000000000e-001
 2.300000000000e-001
 2.500000000000e-001
 2.700000000000e-001
 2.900000000000e-001
 3.100000000000e-001
 3.300000000000e-001

mode3:H: Re(Hz) vs position, x=5e-06(m), lambda=1.55e-06(m) (161,23)
 0.000000000000e+000 -1.029652891631e-008 -2.031743775520e-008 -2.979439536042e-008 -3.847347307057e-008 -4.612190846647e-008 -5.253434803544e-008 -5.791310077635e-008 -6.215175885135e-008 -6.516636125408e-008 -6.689714922818e-008 -6.730982922137e-008 -6.639630126600e-008 -6.417482793655e-008 -6.068963760416e-008 -5.600997568510e-008 -5.022863544337e-008 -4.346001535335e-008 -3.583776177892e-008 -2.751206146178e-008 -1.864665151882e-008 -9.415611656378e-009 0.000000000000e+000
 0.000000000000e+000 -1.054513017845e-008 -2.080803012428e-008 -3.051392463861e-008 -3.940277092808e-008 -4.723618113650e-008 -5.380381564730e-008 -5.931282952361e-008 -6.365419246473e-008 -6.674186240012e-008 -6.851459295607e-008 -6.893723510074e-008 -6.800148839934e-008 -6.572607534307e-008 -6.215633235023e-008 -5.736323149597e-008 -5.144186668467e-008 -4.450945406654e-008 -3.670290825399e-008 -2.817606277163e-008 -1.909660430696e-008 -9.642788595636e-009 0.000000000000e+000
 0.000000000000e+000 -1.130289404145e-008 -2.230341903417e-008 -3.270716517192e-008 -4.223545686014e-008 -5.063275829893e-008 -5.767352588515e-008 -6.357967795128e-008 -6.823417930257e-008 -7.154463303898e-008 -7.344524860607e-008 -7.389826315110e-008 -7.289476357945e-008 -7.045487781830e-008 -6.662732755652e-008 -6.148835889851e-008 -5.514009068970e-008 -4.770833900933e-008 -3.933998939542e-008 -3.019999544805e-008 -2.046808234287e-008 -1.033522970368e-008 0.000000000000e+000
 0.000000000000e+000 -1.260626649444e-008 -2.487555883125e-008 -3.647972197317e-008 -4.710804472179e-008 -5.647549290992e-008 -6.433035108086e-008 -7.091990229582e-008 -7.611330266960e-008 -7.980718396808e-008 -8.192790504767e-008 -8.243318515378e-008 -8.131305185134e-008 -7.859006257526e-008 -7.431878955855e-008 -6.858458923528e-008 -6.150170696724e-008 -5.321079139398e-008 -4.387590917207e-008 -3.368115668578e-008 -2.282696438369e-008 -1.152617941104e-008 0.000000000000e+000
 0.000000000000e+000 -1.451790134201e-008 -2.864815260061e-008 -4.201316682456e-008 -5.425527746558e-008 -6.504617749814e-008 -7.409571834124e-008 -8.168831945309e-008 -8.767279165932e-008 -9.192958109226e-008 -9.437345265133e-008 -9.495544839430e-008 -9.366402915816e-008 -9.052534331777e-008 -8.560260786341e-008 -7.899463061620e-008 -7.083354237603e-008 -6.128183976075e-008 -5.052885951807e-008 -3.878681157363e-008 -2.628649171612e-008 -1.327277895656e-008 0.000000000000e+000
 0.000000000000e+000 -1.712961309675e-008 -3.380249482385e-008 -4.957364326447e-008 -6.402130039156e-008 -7.675802341887e-008 -8.744106407573e-008 -9.640545095808e-008 -1.034720197648e-007 -1.084989206601e-007 -1.113849240107e-007 -1.120718502632e-007 -1.105459941542e-007 -1.068384631248e-007 -1.010244080778e-007 -9.322118718729e-008 -8.358555967664e-008 -7.231005181048e-008 -5.961866246712e-008 -4.576208264530e-008 -3.101258915636e-008 -1.565874474974e-008 0.000000000000e+000
 0.000000000000e+000 -2.056668739693e-008 -4.058600375696e-008 -5.952444128823e-008 -7.687600288294e-008 -9.217539428899e-008 -1.050104818068e-007 -1.157826705582e-007 -1.242756616232e-007 -1.303179375308e-007 -1.337869438512e-007 -1.346121881042e-007 -1.327770679031e-007 -1.283193102182e-007 -1.213299894857e-007 -1.119511828264e-007 -1.003724037260e-007 -8.682601872064e-008 -7.158188756866e-008 -5.494147155898e-008 -3.723162987088e-008 -1.879827515393e-008 0.000000000000e+000
 0.000000000000e+000 -2.499373012344e-008 -4.932380680404e-008 -7.234308778021e-008 -9.343725565483e-008 -1.120406953853e-007 -1.276516268338e-007 -1.407565662428e-007 -1.510908435896e-007 -1.584441760716e-007 -1.626660739820e-007 -1.636698840468e-007 -1.614351917629e-007 -1.560084065115e-007 -1.475014804997e-007 -1.360888470881e-007 -1.220027873420e-007 -1.055275258752e-007 -8.699240707257e-008 -6.676450401008e-008 -4.524096784394e-008 -2.284134610073e-008 0.000000000000e+000
 0.000000000000e+000 -3.062229413817e-008 -6.043385932591e-008 -8.864367863008e-008 -1.145000166327e-007 -1.373096348677e-007 -1.564563212104e-007 -1.725341702490e-007 -1.852161209495e-007 -1.942416920576e-007 -1.994241033103e-007 -2.006556555055e-007 -1.979109519158e-007 -1.912476952355e-007 -1.808049847242e-007 -1.667992415131e-007 -1.495180738130e-007 -1.293125318517e-007 -1.065882723673e-007 -8.179614840005e-008 -5.542266426110e-008 -2.798060611229e-008 0.000000000000e+000
 0.000000000000e+000 -3.772058224489e-008 -7.444620106925e-008 -1.092053725511e-007 -1.410735503965e-007 -1.691964270826e-007 -1.928127409147e-007 -2.126512309123e-007 -2.283047074779e-007 -2.394479038416e-007 -2.458470173851e-007 -2.473669956581e-007 -2.439759350856e-007 -2.357461878284e-007 -2.228520605803e-007 -2.055642979032e-007 -1.842418210852e-007 -1.593213999032e-007 -1.313060368319e-007 -1.007528279710e-007 -6.826093996989e-008 -3.446013211991e-008 0.000000000000e+000
 0.000000000000e+000 -4.662558486187e-008 -9.202708064182e-008 -1.350081717811e-007 -1.744283037034e-007 -2.092309107766e-007 -2.384715801102e-007 -2.630463227343e-007 -2.824451052574e-007 -2.962590114118e-007 -3.041932311739e-007 -3.060770904400e-007 -3.018701579468e-007 -2.916638094690e-007 -2.756780702236e-007 -2.542540268734e-007 -2.278425260287e-007 -1.969901874904e-007 -1.623239107912e-007 -1.245350205246e-007 -8.436399119729e-008 -4.258635592424e-008 0.000000000000e+000
 0.000000000000e+000 -5.775806430858e-008 -1.140087978012e-007 -1.672773210125e-007 -2.161542982217e-007 -2.593300079426e-007 -2.956291882738e-007 -3.261543444513e-007 -3.502631754176e-007 -3.674384061845e-007 -3.773057425278e-007 -3.796478915908e-007 -3.744131717004e-007 -3.617177580524e-007 -3.418412866005e-007 -3.152162607209e-007 -2.824123570036e-007 -2.441172008276e-007 -2.011154057900e-007 -1.542676084296e-007 -1.044908988475e-007 -5.274151162486e-008 0.000000000000e+000
 0.000000000000e+000 -7.164083448415e-008 -1.414262071621e-007 -2.075378426931e-007 -2.682332246352e-007 -3.218864490284e-007 -3.670313795963e-007 -4.050238721855e-007 -4.350508080733e-007 -4.564537732722e-007 -4.687542442244e-007 -4.716734734800e-007 -4.651448024840e-007 -4.493169307138e-007 -4.245477103847e-007 -3.913891483252e-007 -3.505652981286e-007 -3.029454536453e-007 -2.495153890668e-007 -1.913492817667e-007 -1.295844235334e-007 -6.539997491475e-008 0.000000000000e+000
 0.000000000000e+000 -8.892078515390e-008 -1.755608612742e-007 -2.576808552757e-007 -3.331267172253e-007 -3.998782209022e-007 -4.561024296143e-007 -5.034639570945e-007 -5.409277626571e-007 -5.676502371405e-007 -5.830150310480e-007 -5.866616426660e-007 -5.785032574790e-007 -5.587315651381e-007 -5.278078857501e-007 -4.864416537624e-007 -4.355588524642e-007 -3.762641115170e-007 -3.098006880052e-007 -2.375123668027e-007 -1.608104735760e-007 -8.114784600357e-008 0.000000000000e+000
 0.000000000000e+000 -1.103950299804e-007 -2.179936866460e-007 -3.200433203790e-007 -4.138834918515e-007 -4.970027173586e-007 -5.671047028534e-007 -6.262273320255e-007 -6.730450531052e-007 -7.064690556121e-007 -7.256989159964e-007 -7.302642095338e-007 -7.200506612864e-007 -6.953073171971e-007 -6.566336995037e-007 -6.049485628000e-007 -5.414442544768e-007 -4.675324095300e-007 -3.847874901345e-007 -2.948943785912e-007 -1.996049014861e-007 -1.007060349919e-007 0.000000000000e+000
 0.000000000000e+000 -1.370413613615e-007 -2.706667831781e-007 -3.975026153781e-007 -5.142680309357e-007 -6.178400146926e-007 -7.053353832179e-007 -7.792386771075e-007 -8.378405751702e-007 -8.797242149620e-007 -9.038405526697e-007 -9.095696107613e-007 -8.967592084212e-007 -8.657357284188e-007 -8.172853167827e-007 -7.526080127679e-007 -6.732509967587e-007 -5.810298166505e-007 -4.779476592113e-007 -3.661222564326e-007 -2.477279248140e-007 -1.249568855499e-007 0.000000000000e+000
 0.000000000000e+000 -1.700527775448e-007 -3.359542484008e-007 -4.935866272452e-007 -6.389131066758e-007 -7.680499217993e-007 -8.773678637876e-007 -9.698786580416e-007 -1.043360694228e-006 -1.095953091700e-006 -1.126266880833e-006 -1.133476036889e-006 -1.117375345927e-006 -1.078396679594e-006 -1.017581202888e-006 -9.365113760956e-007 -8.372123170463e-007 -7.220362353351e-007 -5.935455326430e-007 -4.544094298311e-007 -3.073257131612e-007 -1.549739262099e-007 0.000000000000e+000
 0.000000000000e+000 -2.108750549903e-007 -4.167405781866e-007 -6.125985772878e-007 -7.934973273885e-007 -9.546072324426e-007 -1.091346403363e-006 -1.207336974493e-006 -1.299665483306e-006 -1.365862518717e-006 -1.404068353923e-006 -1.413169383179e-006 -1.392885204763e-006 -1.343793345659e-006 -1.267287820076e-006 -1.165477488643e-006 -1.041038997415e-006 -8.970455144320e-007 -7.367954486447e-007 -5.636642438050e-007 -3.809972627434e-007 -1.920535171853e-007 0.000000000000e+000
 0.000000000000e+000 -2.612449187346e-007 -5.165027353633e-007 -7.597529654255e-007 -9.849465433447e-007 -1.186078544106e-006 -1.357343505230e-006 -1.503050736783e-006 -1.619340584209e-006 -1.702898703730e-006 -1.751204888550e-006 -1.762738961161e-006 -1.737112573190e-006 -1.675106896067e-006 -1.578610376229e-006 -1.450465760000e-006 -1.294249178118e-006 -1.114014092460e-006 -9.140376334337e-007 -6.986052988553e-007 -4.718621516580e-007 -2.377457187771e-007 0.000000000000e+000
 0.000000000000e+000 -3.232239040802e-007 -6.393876750664e-007 -9.413139734929e-007 -1.221653494944e-006 -1.472941453642e-006 -1.687789819901e-006 -1.871248244726e-006 -2.018145784862e-006 -2.123979355474e-006 -2.185290166801e-006 -2.199976112675e-006 -2.167492080253e-006 -2.088907512737e-006 -1.966812372933e-006 -1.805085660471e-006 -1.608561509641e-006 -1.382643481063e-006 -1.132925278878e-006 -8.648740479431e-007 -5.836204194115e-007 -2.938792471693e-007 0.000000000000e+000
 0.000000000000e+000 -3.992188366572e-007 -7.902697807682e-007 -1.164718939270e-006 -1.513702127515e-006 -1.827941839248e-006 -2.097985720277e-006 -2.329622826995e-006 -2.515840146014e-006 -2.650440367956e-006 -2.728614628116e-006 -2.747418351171e-006 -2.706076478010e-006 -2.606071402511e-006 -2.451000295816e-006 -2.246223456697e-006 -1.998357241863e-006 -1.714689419818e-006 -1.402607245582e-006 -1.069126113502e-006 -7.205884927050e-007 -3.625712647557e-007 0.000000000000e+000
 0.000000000000e+000 -4.919728952816e-007 -9.747603650993e-007 -1.438654755602e-006 -1.873069273664e-006 -2.266475591520e-006 -2.606701236914e-006 -2.900167025395e-006 -3.137237049204e-006 -3.309269437976e-006 -3.409491620694e-006 -3.433726956223e-006 -3.380860294912e-006 -3.252972131530e-006 -3.055121563656e-006 -2.794810845480e-006 -2.481212778397e-006 -2.124280077827e-006 -1.733876561095e-006 -1.319067946170e-006 -8.876829309534e-007 -4.462059406048e-007 0.000000000000e+000
 0.000000000000e+000 -6.044996904343e-007 -1.199120979536e-006 -1.773030453712e-006 -2.313753277805e-006 -2.806964852953e-006 -3.236865497736e-006 -3.610204410595e-006 -3.913561689956e-006 -4.134727997514e-006 -4.264046373357e-006 -4.295522877219e-006 -4.227536163923e-006 -4.063041482451e-006 -3.809240259440e-006 -3.476764273291e-006 -3.078496228123e-006 -2.628207769945e-006 -2.139231103965e-006 -1.623380949197e-006 -1.090303797783e-006 -5.473545418706e-007 0.000000000000e+000
 0.000000000000e+000 -7.399137870589e-007 -1.469998624904e-006 -2.178748613220e-006 -2.851740757104e-006 -3.471171277448e-006 -4.016336250869e-006 -4.493665292109e-006 -4.884211150185e-006 -5.170505333549e-006 -5.338619154742e-006 -5.379860056841e-006 -5.291850044251e-006 -5.078834212252e-006 -4.751178482338e-006 -4.324128211637e-006 -3.816007114142e-006 -3.246128743119e-006 -2.632753739832e-006 -1.991435087760e-006 -1.334036843924e-006 -6.685915780136e-007 0.000000000000e+000
 0.000000000000e+000 -9.010798593957e-007 -1.793845652660e-006 -2.667111528113e-006 -3.504659636187e-006 -4.284343286357e-006 -4.978721595571e-006 -5.592664700169e-006 -6.099057795819e-006 -6.472611624635e-006 -6.693030351743e-006 -6.747595308277e-006 -6.632795182336e-006 -6.354788813833e-006 -5.928645020453e-006 -5.376460636383e-006 -4.724613926018e-006 -4.000556484806e-006 -3.229655351750e-006 -2.432628677270e-006 -1.624040580500e-006 -8.121318355404e-007 0.000000000000e+000
 0.000000000000e+000 -1.089951336022e-006 -2.175796354926e-006 -3.248588745259e-006 -4.290863635890e-006 -5.275020236573e-006 -6.164195690662e-006 -6.959458687800e-006 -7.621497774523e-006 -8.113310384533e-006 -8.405068263429e-006 -8.478032015806e-006 -8.326993610809e-006 -7.960962273631e-006 -7.402023440758e-006 -6.682505142277e-006 -5.840804098799e-006 -4.916454396101e-006 -3.945220635446e-006 -2.955084906403e-006 -1.963898004450e-006 -9.791648992661e-007 0.000000000000e+000
 0.000000000000e+000 -1.306385002947e-006 -2.617623063805e-006 -3.930493450952e-006 -5.227525785211e-006 -6.474197425339e-006 -7.620202757439e-006 -8.658883403054e-006 -9.532540210230e-006 -1.018653158217e-005 -1.057672763959e-005 -1.067538882250e-005 -1.047477526524e-005 -9.988145761192e-006 -9.248068789371e-006 -8.302203761992e-006 -7.206997348335e-006 -6.020105729907e-006 -4.792728847376e-006 -3.563263272333e-006 -2.353572480879e-006 -1.168685409762e-006 0.000000000000e+000
 0.000000000000e+000 -1.546079161596e-006 -3.114148984029e-006 -4.712820863002e-006 -6.327045561305e-006 -7.913366457393e-006 -9.401873480493e-006 -1.077143176714e-005 -1.193638045967e-005 -1.281541904772e-005 -1.334297298825e-005 -1.347789836993e-005 -1.320870276037e-005 -1.255496339378e-005 -1.156488371672e-005 -1.030912376748e-005 -8.871375254349e-006 -7.336734209340e-006 -5.779650053739e-006 -4.253763730366e-006 -2.785879286059e-006 -1.375490173312e-006 0.000000000000e+000
 0.000000000000e+000 -1.797054453845e-006 -3.647089678042e-006 -5.581015881556e-006 -7.590627859347e-006 -9.620645996458e-006 -1.157188149038e-005 -1.339721960913e-005 -1.496813954489e-005 -1.616298666239e-005 -1.688415820692e-005 -1.707070618734e-005 -1.670563812809e-005 -1.581785409808e-005 -1.447874328768e-005 -1.279341587903e-005 -1.088683395368e-005 -8.886022553684e-006 -6.900975621027e-006 -5.008143841312e-006 -3.240513537046e-006 -1.586807412874e-006 0.000000000000e+000
 0.000000000000e+000 -2.033721786264e-006 -4.174625165739e-006 -6.493629204336e-006 -8.997155148624e-006 -1.161374568498e-005 -1.419935189817e-005 -1.666129125381e-005 -1.880484806093e-005 -2.044734197877e-005 -2.144374258227e-005 -2.170425072769e-005 -2.120394998867e-005 -1.998529475472e-005 -1.815367357795e-005 -1.586552756015e-005 -1.330845858796e-005 -1.067415437582e-005 -8.127817158715e-006 -5.780818985466e-006 -3.674072853746e-006 -1.776692151955e-006 0.000000000000e+000
 0.000000000000e+000 -2.206973443063e-006 -4.613898389268e-006 -7.361464239645e-006 -1.048423761907e-005 -1.388775896336e-005 -1.735733816916e-005 -2.072113531490e-005 -2.368142788107e-005 -2.596366080025e-005 -2.735363910751e-005 -2.772048808833e-005 -2.702816534668e-005 -2.533833267529e-005 -2.280527926049e-005 -1.966115133824e-005 -1.618864084510e-005 -1.268016183360e-005 -9.388203016875e-006 -6.478877774381e-006 -4.003538602614e-006 -1.896795249801e-006 0.000000000000e+000
 0.000000000000e+000 -2.227767909054e-006 -4.811822311864e-006 -8.012511270044e-006 -1.191619407679e-005 -1.639458070822e-005 -2.111844017414e-005 -2.577819904589e-005 -2.991460261554e-005 -3.311616148374e-005 -3.507041874762e-005 -3.559016214973e-005 -3.462431874297e-005 -3.226060129198e-005 -2.872139075268e-005 -2.434850144542e-005 -1.956863880927e-005 -1.483296912278e-005 -1.053495203859e-005 -6.928587401035e-006 -4.079120455782e-006 -1.861298423183e-006 0.000000000000e+000
 0.000000000000e+000 -1.940217692876e-006 -4.496662627039e-006 -8.132994579936e-006 -1.302988452328e-005 -1.900874308473e-005 -2.554874198282e-005 -3.209723136157e-005 -3.793975418832e-005 -4.246482900048e-005 -4.522657209497e-005 -4.596517488262e-005 -4.461042408916e-005 -4.128271417355e-005 -3.629412448783e-005 -3.014047356301e-005 -2.346513685435e-005 -1.697312743354e-005 -1.129190273053e-005 -6.819921608881e-006 -3.639934938619e-006 -1.522609088162e-006 0.000000000000e+000
 0.000000000000e+000 -1.078193934551e-006 -3.198384600033e-006 -7.167942841514e-006 -1.334201090651e-005 -2.147083572776e-005 -3.070259241002e-005 -4.004190042729e-005 -4.836942763728e-005 -5.479355740544e-005 -5.870172613096e-005 -5.975056449393e-005 -5.784769467720e-005 -5.314856529324e-005 -4.607184169945e-005 -3.731773539884e-005 -2.785064557162e-005 -1.878882582162e-005 -1.116315258860e-005 -5.614670077777e-006 -2.242382322460e-006 -6.328297505707e-007 0.000000000000e+000
 0.000000000000e+000 8.026237019901e-007 -1.195685872439e-007 -4.152636201870e-006 -1.198650208259e-005 -2.329205171786e-005 -3.662860208960e-005 -5.014565618611e-005 -6.208840999688e-005 -7.120822655551e-005 -7.671816955951e-005 -7.819967329580e-005 -7.553871361028e-005 -6.891485696984e-005 -5.884702119929e-005 -4.627723214594e-005 -3.262887854536e-005 -1.970672702684e-005 -9.277065441036e-006 -2.394098872892e-006 8.536553188923e-007 1.215540169481e-006 0.000000000000e+000
 0.000000000000e+000 4.425529880505e-006 6.067549621701e-006 2.574103513814e-006 -7.417260354006e-006 -2.358351508278e-005 -4.342361455252e-005 -6.326051732647e-005 -8.040932604943e-005 -9.327307245982e-005 -1.009612298310e-004 -1.030318720760e-004 -9.935701255540e-005 -9.009971989886e-005 -7.581027609809e-005 -5.764125800113e-005 -3.761581272592e-005 -1.869678792152e-005 -4.110095630344e-006 4.393087471397e-006 6.860021773560e-006 4.676163536453e-006 0.000000000000e+000
 0.000000000000e+000 1.092718409055e-005 1.752070801821e-005 1.585415598150e-005 3.167251972842e-006 -2.070865433297e-005 -5.146602542112e-005 -8.087605292018e-005 -1.053192433430e-004 -1.231860265402e-004 -1.337146103170e-004 -1.365617070623e-004 -1.316045846772e-004 -1.188983282017e-004 -9.882526933028e-005 -7.251328486000e-005 -4.257411852050e-005 -1.389022851075e-005 7.022618306670e-006 1.734239613886e-005 1.771373845519e-005 1.076307660177e-005 0.000000000000e+000
 0.000000000000e+000 2.199765267286e-005 3.761098995188e-005 4.049574360996e-005 2.500892620963e-005 -1.139798240605e-005 -6.233041815046e-005 -1.057757374712e-004 -1.398232415129e-004 -1.639667840776e-004 -1.779807535212e-004 -1.818086136863e-004 -1.753721087845e-004 -1.584704890891e-004 -1.309107923565e-004 -9.309019014257e-005 -4.749700858946e-005 -1.710617529894e-006 2.894961773619e-005 4.073704563847e-005 3.639700455819e-005 2.097079490171e-005 0.000000000000e+000
 0.000000000000e+000 3.992582856591e-005 7.123924816740e-005 8.438037517526e-005 6.830888651826e-005 1.219292919392e-005 -8.246785959451e-005 -1.431039907120e-004 -1.882375052161e-004 -2.195751948628e-004 -2.375326232540e-004 -2.425291809036e-004 -2.346296203974e-004 -2.132413238157e-004 -1.770081597833e-004 -1.241069538398e-004 -5.397402253190e-005 2.554613554849e-005 7.057890730834e-005 8.142638774860e-005 6.720930925958e-005 3.732396694191e-005 0.000000000000e+000
 0.000000000000e+000 6.732562166656e-005 1.245728754703e-004 1.592934974048e-004 1.531233302820e-004 7.459106260443e-005 -1.389928829932e-004 -2.000351667223e-004 -2.558410939705e-004 -2.948552744245e-004 -3.168512988638e-004 -3.230949659459e-004 -3.140986245406e-004 -2.889669514311e-004 -2.448453189987e-004 -1.759114339288e-004 -7.138476111855e-005 8.802223900650e-005 1.484157597457e-004 1.495133692135e-004 1.156156014772e-004 6.218519354175e-005 0.000000000000e+000
 0.000000000000e+000 1.062526374490e-004 2.031139566902e-004 2.785254223614e-004 3.135951055900e-004 2.736460854699e-004 8.439282018937e-005 -1.815791336522e-005 -7.625134849990e-005 -1.088168968935e-004 -1.252026242387e-004 -1.300334366147e-004 -1.249675066858e-004 -1.091419011635e-004 -7.871127755763e-005 -2.502995277141e-005 7.052512011712e-005 2.520324272934e-004 2.898010257811e-004 2.568796796145e-004 1.868672253177e-004 9.758297529114e-005 0.000000000000e+000
 0.000000000000e+000 1.568575399405e-004 3.074759262763e-004 4.440930276324e-004 5.558341855772e-004 6.278942643398e-004 6.471554770588e-004 6.012840572987e-004 6.024208755584e-004 6.158596433604e-004 6.272329724826e-004 6.299984676881e-004 6.217825183158e-004 6.033261043533e-004 5.784300167438e-004 5.545743008496e-004 5.442878420937e-004 5.670012547529e-004 5.101797989712e-004 4.086973773888e-004 2.827448829580e-004 1.440754915060e-004 0.000000000000e+000
 0.000000000000e+000 2.170771876322e-004 4.324560967579e-004 6.440935073503e-004 8.497159578526e-004 1.048453671280e-003 1.246440454560e-003 1.387116560650e-003 1.502834266062e-003 1.590913366732e-003 1.644745214100e-003 1.659593644026e-003 1.633500562501e-003 1.567290415741e-003 1.464334333432e-003 1.329869059633e-003 1.168754096202e-003 9.777510272392e-004 7.898375326271e-004 5.966954040680e-004 3.994408230500e-004 2.001022499905e-004 0.000000000000e+000
 0.000000000000e+000 2.836666388997e-004 5.704842687706e-004 8.639699106221e-004 1.168768448528e-003 1.492326842223e-003 1.847931895413e-003 2.136584069696e-003 2.364447072340e-003 2.529881242684e-003 2.628527906369e-003 2.656760926941e-003 2.613119822840e-003 2.498711915111e-003 2.317010706127e-003 2.073020982653e-003 1.771438698082e-003 1.413426361254e-003 1.097354825365e-003 8.059027777692e-004 5.296657865840e-004 2.626261417835e-004 0.000000000000e+000
 0.000000000000e+000 3.532096366160e-004 7.141213133173e-004 1.091126145803e-003 1.494213109598e-003 1.936268389426e-003 2.434680512871e-003 2.852383952344e-003 3.183958258430e-003 3.423792450763e-003 3.566518971334e-003 3.608348903199e-003 3.547981796345e-003 3.386960514071e-003 3.129542267413e-003 2.782118745699e-003 2.352239357219e-003 1.847659278135e-003 1.411694735146e-003 1.022986331771e-003 6.658697232516e-004 3.282614610769e-004 0.000000000000e+000
 0.000000000000e+000 4.226517046636e-004 8.570331716669e-004 1.315681404923e-003 1.812845085896e-003 2.365521800862e-003 2.994502391504e-003 3.528211188099e-003 3.954449123692e-003 4.263448004149e-003 4.447733464869e-003 4.502611487754e-003 4.426644299900e-003 4.221871063581e-003 3.893724359802e-003 3.450676967932e-003 2.903749946353e-003 2.266216960312e-003 1.719227276794e-003 1.237789343083e-003 8.016442345348e-004 3.939555345201e-004 0.000000000000e+000
 0.000000000000e+000 4.894595217675e-004 9.941217123378e-004 1.530034825571e-003 2.114976654804e-003 2.769377625822e-003 3.517211331597e-003 4.155529683421e-003 4.667355779459e-003 5.039333101174e-003 5.261724396519e-003 5.328662166615e-003 5.238414188551e-003 4.993509290179e-003 4.600668472451e-003 4.070562948844e-003 3.417493865572e-003 2.659164421713e-003 2.010468457237e-003 1.442765453297e-003 9.319315555172e-004 4.572043059091e-004 0.000000000000e+000
 0.000000000000e+000 5.515978930721e-004 1.121352939467e-003 1.728286048765e-003 2.393163613287e-003 3.139398027517e-003 3.993942318574e-003 4.725627547399e-003 5.313770870091e-003 5.742019043433e-003 5.998551917959e-003 6.076322388976e-003 5.973254589065e-003 5.692324091716e-003 5.241485147932e-003 4.633455918647e-003 3.885413273509e-003 3.018670465361e-003 2.278321892472e-003 1.632211486723e-003 1.052814521385e-003 5.160302408877e-004 0.000000000000e+000
 0.000000000000e+000 6.074495586756e-004 1.235537742881e-003 1.905785723514e-003 2.641494867511e-003 3.468668744016e-003 4.416963137355e-003 5.230350826382e-003 5.885163238594e-003 6.362569878713e-003 6.648950308876e-003 6.736191173360e-003 6.621884529146e-003 6.309393910875e-003 5.807769935632e-003 5.131520652564e-003 4.300261602659e-003 3.338275130471e-003 2.517217082135e-003 1.801711236823e-003 1.161250710755e-003 5.688877614847e-004 0.000000000000e+000
 0.000000000000e+000 6.557349803875e-004 1.334151658646e-003 2.058836954299e-003 2.855206650716e-003 3.751465077668e-003 4.779619993331e-003 5.662419449001e-003 6.373782674629e-003 6.892862425696e-003 7.204543100670e-003 7.299805447684e-003 7.175949836542e-003 6.836663458874e-003 6.291922827155e-003 5.557734428867e-003 4.655725975356e-003 3.612601743901e-003 2.722684966589e-003 1.947789438936e-003 1.254862214030e-003 6.145702266765e-004 0.000000000000e+000
 0.000000000000e+000 6.954501934780e-004 1.415208048163e-003 2.184510183118e-003 3.030474066065e-003 3.983096865069e-003 5.076328851505e-003 6.015592934936e-003 6.772905377575e-003 7.325825710079e-003 7.658046710116e-003 7.759818692106e-003 7.628202487172e-003 7.267143436897e-003 6.687362240777e-003 5.906064940814e-003 4.946479930973e-003 3.837231455359e-003 2.891143695134e-003 2.067708634705e-003 1.331793586529e-003 6.521399864901e-004 0.000000000000e+000
 0.000000000000e+000 7.258239103865e-004 1.477175591016e-003 2.280532564520e-003 3.164298702188e-003 4.159836149251e-003 5.302584876289e-003 6.284773156904e-003 7.076995064145e-003 7.655619002355e-003 8.003442768876e-003 8.110164290828e-003 7.972660805381e-003 7.595070535994e-003 6.988674430402e-003 6.171580409315e-003 5.168217140591e-003 4.008647236457e-003 3.019788603800e-003 2.159353115360e-003 1.390622904065e-003 6.808816606027e-004 0.000000000000e+000
 0.000000000000e+000 7.462896678213e-004 1.518926822974e-003 2.345223094590e-003 3.254448086708e-003 4.278884286668e-003 5.454978000025e-003 6.466074589398e-003 7.281814013591e-003 7.877763224745e-003 8.236114799726e-003 8.346190545092e-003 8.204740482843e-003 7.816031032539e-003 7.191720419118e-003 6.350524130074e-003 5.317677936264e-003 4.124210044712e-003 3.106535263552e-003 2.221163471700e-003 1.430308261804e-003 7.002728043505e-004 0.000000000000e+000
 0.000000000000e+000 7.564681740570e-004 1.539706411570e-003 2.377454364347e-003 3.299422345896e-003 4.338356973033e-003 5.531207713290e-003 6.556872822276e-003 7.384499575982e-003 7.989235010321e-003 8.352950129691e-003 8.464763709360e-003 8.321354053154e-003 7.927051753674e-003 7.293711454395e-003 6.440365790964e-003 5.392669829403e-003 4.182149220045e-003 3.149989349521e-003 2.252099428385e-003 1.450155965133e-003 7.099659548203e-004 0.000000000000e+000
 0.000000000000e+000 7.561558955477e-004 1.539110937047e-003 2.376628686011e-003 3.298433893034e-003 4.337275467453e-003 5.530092464305e-003 6.555834923066e-003 7.383613205044e-003 7.988528952864e-003 8.352409265521e-003 8.464339180189e-003 8.320979372026e-003 7.926661392290e-003 7.293258276689e-003 6.439833952113e-003 5.392080434115e-003 4.181557244021e-003 3.149428975617e-003 2.251617506109e-003 1.449801002518e-003 7.097774439080e-004 0.000000000000e+000
 0.000000000000e+000 7.453170295293e-004 1.517074592528e-003 2.342660861607e-003 3.251391734696e-003 4.275557186540e-003 5.451570464259e-003 6.462932598027e-003 7.279165301373e-003 7.875691386842e-003 8.234564976709e-003 8.345002212653e-003 8.203698532135e-003 7.814924342039e-003 7.190396765478e-003 6.348931021013e-003 5.315880831479e-003 4.122382972165e-003 3.104791236141e-003 2.219655388496e-003 1.429193711305e-003 6.996798110698e-004 0.000000000000e+000
 0.000000000000e+000 7.240769348896e-004 1.473857154829e-003 2.275962753845e-003 3.158885307078e-003 4.154001542658e-003 5.296689718474e-003 6.279438243723e-003 7.072617513090e-003 7.652327837853e-003 8.001113027846e-003 8.108479799266e-003 7.971208770483e-003 7.593448665693e-003 6.986591310853e-003 6.168931000518e-003 5.165117747171e-003 4.005419704208e-003 3.016658052836e-003 2.156618072176e-003 1.388588806364e-003 6.797957580715e-004 0.000000000000e+000
 0.000000000000e+000 6.927157708648e-004 1.410031906914e-003 2.177426661871e-003 3.022164758045e-003 3.974268530588e-003 5.067585896565e-003 6.007903835011e-003 6.766863491540e-003 7.321585682003e-003 7.655356221203e-003 7.758125304346e-003 7.626806853538e-003 7.265369502325e-003 6.684716788492e-003 5.902360056052e-003 4.941893425270e-003 3.832285866269e-003 2.886238395591e-003 2.063362827649e-003 1.328534409681e-003 6.503923533808e-004 0.000000000000e+000
 0.000000000000e+000 6.516615616032e-004 1.326472082568e-003 2.048405691091e-003 2.843115852247e-003 3.738848622875e-003 4.767447285676e-003 5.652122732866e-003 6.366188916848e-003 6.888113301342e-003 7.202163246403e-003 7.298877374171e-003 7.175348359168e-003 6.835309101135e-003 6.289019910384e-003 5.552960046816e-003 4.649332586217e-003 3.605397021287e-003 2.715345165778e-003 1.941181211473e-003 1.249859660508e-003 6.118746993278e-004 0.000000000000e+000
 0.000000000000e+000 6.014822218069e-004 1.224334996483e-003 1.890690084541e-003 2.624228504338e-003 3.451023258367e-003 4.400466579427e-003 5.217074737391e-003 5.876211648395e-003 6.357996976691e-003 6.647903790179e-003 6.737194628149e-003 6.623183275400e-003 6.309314683792e-003 5.805060796419e-003 5.125635386923e-003 4.291536303992e-003 3.327928585321e-003 2.506365823891e-003 1.791777145242e-003 1.153660091991e-003 5.647786047662e-004 0.000000000000e+000
 0.000000000000e+000 5.428762930306e-004 1.105043421454e-003 1.706479005832e-003 2.368558509638e-003 3.114815728572e-003 3.971779670335e-003 4.708854981753e-003 5.303803001256e-003 5.738676833202e-003 6.000361410490e-003 6.080967692098e-003 5.978069407142e-003 5.694775436651e-003 5.239635769613e-003 4.626383859249e-003 3.873523018449e-003 3.003769109241e-003 2.262226379918e-003 1.617240586985e-003 1.041280356935e-003 5.097620219654e-004 0.000000000000e+000
 0.000000000000e+000 4.766622866859e-004 9.702640470306e-004 1.498347624502e-003 2.079682440712e-003 2.734932654512e-003 3.487391956166e-003 4.134587529598e-003 4.656991342289e-003 5.038843295212e-003 5.268625796127e-003 5.339410248296e-003 5.249065207010e-003 5.000320085101e-003 4.600682572494e-003 4.062212260775e-003 3.401157219787e-003 2.637464347848e-003 1.986348742307e-003 1.420016667230e-003 9.142941509584e-004 4.475951504104e-004 0.000000000000e+000
 0.000000000000e+000 4.037666317731e-004 8.218830450065e-004 1.269209610912e-003 1.761645970168e-003 2.316696545440e-003 2.954092956615e-003 3.502324788152e-003 3.944849407714e-003 4.268315682056e-003 4.462966189287e-003 4.522930928566e-003 4.446403805427e-003 4.235696679638e-003 3.897169408087e-003 3.441037998525e-003 2.881066612392e-003 2.234152618661e-003 1.682601696215e-003 1.202870405420e-003 7.744813642312e-004 3.791492083989e-004 0.000000000000e+000
 0.000000000000e+000 3.252102979400e-004 6.619789042740e-004 1.022275335070e-003 1.418906099585e-003 1.865970166029e-003 2.379360276592e-003 2.820934075798e-003 3.177366950056e-003 3.437904763482e-003 3.594687923223e-003 3.642988047400e-003 3.581350190032e-003 3.411636409324e-003 3.138969410831e-003 2.771577973509e-003 2.320548793168e-003 1.799492173751e-003 1.355245987747e-003 9.688472985554e-004 6.238026226211e-004 3.053839421620e-004 0.000000000000e+000
 0.000000000000e+000 2.420942172669e-004 4.927927982616e-004 7.610062037033e-004 1.056267943152e-003 1.389073626578e-003 1.771254153607e-003 2.099972883843e-003 2.365310515505e-003 2.559261277252e-003 2.675974204102e-003 2.711929346471e-003 2.666043660655e-003 2.539703439923e-003 2.336722341428e-003 2.063226283658e-003 1.727468670923e-003 1.339581484686e-003 1.008874148693e-003 7.212302047359e-004 4.643714732902e-004 2.273339917177e-004 0.000000000000e+000
 0.000000000000e+000 1.555836671780e-004 3.166968232843e-004 4.890656759403e-004 6.788168456161e-004 8.926952613789e-004 1.138303994058e-003 1.349554545816e-003 1.520072326201e-003 1.644712581835e-003 1.719715433391e-003 1.742819087465e-003 1.713327852087e-003 1.632132941690e-003 1.501685468619e-003 1.325922444083e-003 1.110148012685e-003 8.608734823540e-004 6.483458185618e-004 4.634930429364e-004 2.984245395934e-004 1.460942689042e-004 0.000000000000e+000
 0.000000000000e+000 6.689180587358e-005 1.361605023960e-004 2.102675785554e-004 2.918467155343e-004 3.837974798456e-004 4.893884394850e-004 5.802061730109e-004 6.535103908194e-004 7.070897663520e-004 7.393285155436e-004 7.492549778723e-004 7.365707641540e-004 7.016596185546e-004 6.455757457901e-004 5.700119629212e-004 4.772486326220e-004 3.700849056464e-004 2.787194152100e-004 1.992519050189e-004 1.282900221230e-004 6.280452980966e-005 0.000000000000e+000
 0.000000000000e+000 -2.273742702438e-005 -4.628400906932e-005 -7.147759811958e-005 -9.921446830662e-005 -1.304811329264e-004 -1.663893892368e-004 -1.972791689235e-004 -2.222179122678e-004 -2.404523372494e-004 -2.514312811057e-004 -2.548224628805e-004 -2.505226394177e-004 -2.386608290660e-004 -2.195944921402e-004 -1.938987771854e-004 -1.623491590463e-004 -1.258980005149e-004 -9.481892320872e-005 -6.778576843862e-005 -4.364503897891e-005 -2.136665663060e-005 0.000000000000e+000
 0.000000000000e+000 -1.120468168444e-004 -2.280775505199e-004 -3.522176994693e-004 -4.888809640384e-004 -6.429261224966e-004 -8.198297431062e-004 -9.719939813699e-004 -1.094826444529e-003 -1.184619702375e-003 -1.238663249265e-003 -1.255325396667e-003 -1.234102609683e-003 -1.175634784908e-003 -1.081685998370e-003 -9.550912992590e-004 -7.996711551007e-004 -6.201161346618e-004 -4.670281509219e-004 -3.338732573474e-004 -2.149682982639e-004 -1.052383283290e-004 0.000000000000e+000
 0.000000000000e+000 -1.997835497151e-004 -4.066699307912e-004 -6.280144490190e-004 -8.716863382586e-004 -1.146348491209e-003 -1.461765414139e-003 -1.733069435468e-003 -1.952072716502e-003 -2.112165619481e-003 -2.208516232789e-003 -2.238216259530e-003 -2.200368856108e-003 -2.096115760081e-003 -1.928602880956e-003 -1.702885387975e-003 -1.425775158379e-003 -1.105635192252e-003 -8.326858747870e-004 -5.952771597539e-004 -3.832759762071e-004 -1.876337136448e-004 0.000000000000e+000
 0.000000000000e+000 -2.847168152949e-004 -5.795557557666e-004 -8.949987679082e-004 -1.242260235106e-003 -1.633685636241e-003 -2.083190421386e-003 -2.469827914712e-003 -2.781929678654e-003 -3.010076549806e-003 -3.147382937232e-003 -3.189704670738e-003 -3.135764118973e-003 -2.987188794288e-003 -2.748462273557e-003 -2.426788912520e-003 -2.031876435226e-003 -1.575642960805e-003 -1.186661639186e-003 -8.483297888029e-004 -5.462065991379e-004 -2.673967500220e-004 0.000000000000e+000
 0.000000000000e+000 -3.656550930301e-004 -7.443096129887e-004 -1.149425104142e-003 -1.595403775569e-003 -2.098100492779e-003 -2.675386416104e-003 -3.171932861922e-003 -3.572754484531e-003 -3.865754710728e-003 -4.042090828853e-003 -4.096440888006e-003 -4.027164347358e-003 -3.836351622117e-003 -3.529761026574e-003 -3.116645014290e-003 -2.609470958046e-003 -2.023544896385e-003 -1.523988913065e-003 -1.089480639431e-003 -7.014741388727e-004 -3.434083083108e-004 0.000000000000e+000
 0.000000000000e+000 -4.414628818511e-004 -8.986201241486e-004 -1.387724015380e-003 -1.926162535824e-003 -2.533077497755e-003 -3.230045038000e-003 -3.829533831624e-003 -4.313451859268e-003 -4.667194829348e-003 -4.880086939991e-003 -4.945703089792e-003 -4.862062809567e-003 -4.631690058627e-003 -4.261537077686e-003 -3.762774594068e-003 -3.150454709399e-003 -2.443056643337e-003 -1.839934772634e-003 -1.315346206158e-003 -8.469000898338e-004 -4.146018966548e-004 0.000000000000e+000
 0.000000000000e+000 -5.110766402339e-004 -1.040322390763e-003 -1.606552271586e-003 -2.229896085245e-003 -2.932514032188e-003 -3.739384509634e-003 -4.433404715149e-003 -4.993629782098e-003 -5.403152583429e-003 -5.649613985586e-003 -5.725575853872e-003 -5.628745549551e-003 -5.362045140761e-003 -4.933523236017e-003 -4.356112099149e-003 -3.647237374602e-003 -2.828292200864e-003 -2.130066304185e-003 -1.522757455150e-003 -9.804440353077e-004 -4.799786245564e-004 0.000000000000e+000
 0.000000000000e+000 -5.735197141036e-004 -1.167428379909e-003 -1.802839777398e-003 -2.502343111584e-003 -3.290806062252e-003 -4.196258835806e-003 -4.975073200924e-003 -5.603745299273e-003 -6.063302365912e-003 -6.339875318372e-003 -6.425117325988e-003 -6.316455725412e-003 -6.017169677647e-003 -5.536291221049e-003 -4.888332704854e-003 -4.092848828051e-003 -3.173846500404e-003 -2.390312796665e-003 -1.708804285811e-003 -1.100232275038e-003 -5.386212177513e-004 0.000000000000e+000
 0.000000000000e+000 -6.279160439043e-004 -1.278154825134e-003 -1.973832657771e-003 -2.739681221763e-003 -3.602926779647e-003 -4.594258077703e-003 -5.446939654893e-003 -6.135238422102e-003 -6.638382159233e-003 -6.941186407438e-003 -7.034512731759e-003 -6.915544522741e-003 -6.587872011983e-003 -6.061383934421e-003 -5.351969105628e-003 -4.481036919341e-003 -3.474871235713e-003 -2.617022852132e-003 -1.870876358855e-003 -1.204584113130e-003 -5.897068876130e-004 0.000000000000e+000
 0.000000000000e+000 -6.735024590419e-004 -1.370948252050e-003 -2.117131903734e-003 -2.938580580733e-003 -3.864497139418e-003 -4.927798296276e-003 -5.842383754096e-003 -6.580652231948e-003 -7.120323486743e-003 -7.445110714280e-003 -7.545212077139e-003 -7.417606524421e-003 -7.066144974552e-003 -6.501434108122e-003 -5.740516276737e-003 -4.806355187183e-003 -3.727142881985e-003 -2.807015613237e-003 -2.006699718477e-003 -1.292035437802e-003 -6.325188747357e-004 0.000000000000e+000
 0.000000000000e+000 -7.096393875675e-004 -1.444506778192e-003 -2.230727036938e-003 -3.096250636888e-003 -4.071847306613e-003 -5.192199903858e-003 -6.155857378008e-003 -6.933737507405e-003 -7.502364617907e-003 -7.844578059609e-003 -7.950050104849e-003 -7.815597636905e-003 -7.445278221946e-003 -6.850267663868e-003 -6.048522736424e-003 -5.064239270395e-003 -3.927121949772e-003 -2.957625389195e-003 -2.114368695052e-003 -1.361359262388e-003 -6.664565048573e-004 0.000000000000e+000
 0.000000000000e+000 -7.358198310865e-004 -1.497798381726e-003 -2.313024321314e-003 -3.210479279173e-003 -4.222068150400e-003 -5.383753325416e-003 -6.382962454854e-003 -7.189540406000e-003 -7.779145439035e-003 -8.133983819966e-003 -8.243346823366e-003 -8.103933917977e-003 -7.719952380877e-003 -7.102990333135e-003 -6.271667027821e-003 -5.251070943757e-003 -4.072002642366e-003 -3.066739054231e-003 -2.192372640883e-003 -1.411582939482e-003 -6.910436161042e-004 0.000000000000e+000
 0.000000000000e+000 -7.516764791409e-004 -1.530075383023e-003 -2.362869126450e-003 -3.279663877002e-003 -4.313052063670e-003 -5.499771048646e-003 -6.520512671061e-003 -7.344471970406e-003 -7.946782658490e-003 -8.309267562266e-003 -8.420987197769e-003 -8.278569919065e-003 -7.886313677896e-003 -7.256056322244e-003 -6.406818347371e-003 -5.364228880205e-003 -4.159752219902e-003 -3.132825693818e-003 -2.239617123954e-003 -1.442001806793e-003 -7.059352393563e-004 0.000000000000e+000
 0.000000000000e+000 -7.569868633605e-004 -1.540884936122e-003 -2.379562129207e-003 -3.302833767817e-003 -4.343522535768e-003 -5.538625332983e-003 -6.566578178306e-003 -7.396358484152e-003 -8.002924291258e-003 -8.367970012931e-003 -8.480478884195e-003 -8.337055442763e-003 -7.942028007217e-003 -7.307318058924e-003 -6.452080468956e-003 -5.402125427056e-003 -4.189139517875e-003 -3.154958082765e-003 -2.255439282352e-003 -1.452189073266e-003 -7.109224380266e-004 0.000000000000e+000
 0.000000000000e+000 -7.516764791408e-004 -1.530075383023e-003 -2.362869126450e-003 -3.279663877001e-003 -4.313052063669e-003 -5.499771048646e-003 -6.520512671062e-003 -7.344471970407e-003 -7.946782658491e-003 -8.309267562267e-003 -8.420987197770e-003 -8.278569919067e-003 -7.886313677898e-003 -7.256056322245e-003 -6.406818347371e-003 -5.364228880205e-003 -4.159752219900e-003 -3.132825693816e-003 -2.239617123953e-003 -1.442001806792e-003 -7.059352393561e-004 0.000000000000e+000
 0.000000000000e+000 -7.358198310865e-004 -1.497798381726e-003 -2.313024321314e-003 -3.210479279173e-003 -4.222068150400e-003 -5.383753325416e-003 -6.382962454855e-003 -7.189540406001e-003 -7.779145439037e-003 -8.133983819967e-003 -8.243346823368e-003 -8.103933917978e-003 -7.719952380878e-003 -7.102990333136e-003 -6.271667027822e-003 -5.251070943757e-003 -4.072002642366e-003 -3.066739054231e-003 -2.192372640883e-003 -1.411582939481e-003 -6.910436161039e-004 0.000000000000e+000
 0.000000000000e+000 -7.096393875676e-004 -1.444506778192e-003 -2.230727036938e-003 -3.096250636889e-003 -4.071847306614e-003 -5.192199903859e-003 -6.155857378010e-003 -6.933737507406e-003 -7.502364617908e-003 -7.844578059611e-003 -7.950050104851e-003 -7.815597636907e-003 -7.445278221948e-003 -6.850267663869e-003 -6.048522736425e-003 -5.064239270396e-003 -3.927121949774e-003 -2.957625389196e-003 -2.114368695052e-003 -1.361359262388e-003 -6.664565048575e-004 0.000000000000e+000
 0.000000000000e+000 -6.735024590421e-004 -1.370948252050e-003 -2.117131903735e-003 -2.938580580734e-003 -3.864497139419e-003 -4.927798296277e-003 -5.842383754098e-003 -6.580652231950e-003 -7.120323486745e-003 -7.445110714282e-003 -7.545212077141e-003 -7.417606524423e-003 -7.066144974554e-003 -6.501434108124e-003 -5.740516276739e-003 -4.806355187185e-003 -3.727142881986e-003 -2.807015613238e-003 -2.006699718477e-003 -1.292035437803e-003 -6.325188747360e-004 0.000000000000e+000
 0.000000000000e+000 -6.279160439045e-004 -1.278154825135e-003 -1.973832657772e-003 -2.739681221764e-003 -3.602926779648e-003 -4.594258077705e-003 -5.446939654895e-003 -6.135238422105e-003 -6.638382159236e-003 -6.941186407441e-003 -7.034512731762e-003 -6.915544522744e-003 -6.587872011985e-003 -6.061383934424e-003 -5.351969105630e-003 -4.481036919342e-003 -3.474871235714e-003 -2.617022852134e-003 -1.870876358855e-003 -1.204584113130e-003 -5.897068876133e-004 0.000000000000e+000
 0.000000000000e+000 -5.735197141039e-004 -1.167428379910e-003 -1.802839777399e-003 -2.502343111585e-003 -3.290806062254e-003 -4.196258835808e-003 -4.975073200927e-003 -5.603745299276e-003 -6.063302365915e-003 -6.339875318375e-003 -6.425117325992e-003 -6.316455725415e-003 -6.017169677650e-003 -5.536291221052e-003 -4.888332704856e-003 -4.092848828053e-003 -3.173846500406e-003 -2.390312796667e-003 -1.708804285812e-003 -1.100232275039e-003 -5.386212177516e-004 0.000000000000e+000
 0.000000000000e+000 -5.110766402342e-004 -1.040322390764e-003 -1.606552271587e-003 -2.229896085246e-003 -2.932514032190e-003 -3.739384509636e-003 -4.433404715152e-003 -4.993629782102e-003 -5.403152583433e-003 -5.649613985590e-003 -5.725575853876e-003 -5.628745549554e-003 -5.362045140765e-003 -4.933523236021e-003 -4.356112099152e-003 -3.647237374604e-003 -2.828292200866e-003 -2.130066304187e-003 -1.522757455151e-003 -9.804440353084e-004 -4.799786245567e-004 0.000000000000e+000
 0.000000000000e+000 -4.414628818515e-004 -8.986201241494e-004 -1.387724015381e-003 -1.926162535826e-003 -2.533077497757e-003 -3.230045038003e-003 -3.829533831627e-003 -4.313451859271e-003 -4.667194829351e-003 -4.880086939995e-003 -4.945703089796e-003 -4.862062809571e-003 -4.631690058631e-003 -4.261537077689e-003 -3.762774594071e-003 -3.150454709401e-003 -2.443056643339e-003 -1.839934772635e-003 -1.315346206159e-003 -8.469000898346e-004 -4.146018966551e-004 0.000000000000e+000
 0.000000000000e+000 -3.656550930305e-004 -7.443096129895e-004 -1.149425104144e-003 -1.595403775571e-003 -2.098100492781e-003 -2.675386416107e-003 -3.171932861925e-003 -3.572754484535e-003 -3.865754710732e-003 -4.042090828857e-003 -4.096440888010e-003 -4.027164347363e-003 -3.836351622122e-003 -3.529761026578e-003 -3.116645014294e-003 -2.609470958049e-003 -2.023544896387e-003 -1.523988913067e-003 -1.089480639432e-003 -7.014741388735e-004 -3.434083083111e-004 0.000000000000e+000
 0.000000000000e+000 -2.847168152954e-004 -5.795557557675e-004 -8.949987679095e-004 -1.242260235107e-003 -1.633685636243e-003 -2.083190421389e-003 -2.469827914715e-003 -2.781929678658e-003 -3.010076549810e-003 -3.147382937237e-003 -3.189704670743e-003 -3.135764118977e-003 -2.987188794292e-003 -2.748462273561e-003 -2.426788912523e-003 -2.031876435229e-003 -1.575642960807e-003 -1.186661639188e-003 -8.483297888042e-004 -5.462065991387e-004 -2.673967500224e-004 0.000000000000e+000
 0.000000000000e+000 -1.997835497156e-004 -4.066699307921e-004 -6.280144490204e-004 -8.716863382606e-004 -1.146348491211e-003 -1.461765414142e-003 -1.733069435472e-003 -1.952072716506e-003 -2.112165619485e-003 -2.208516232794e-003 -2.238216259534e-003 -2.200368856112e-003 -2.096115760086e-003 -1.928602880961e-003 -1.702885387978e-003 -1.425775158382e-003 -1.105635192255e-003 -8.326858747889e-004 -5.952771597553e-004 -3.832759762080e-004 -1.876337136452e-004 0.000000000000e+000
 0.000000000000e+000 -1.120468168448e-004 -2.280775505209e-004 -3.522176994707e-004 -4.888809640404e-004 -6.429261224993e-004 -8.198297431095e-004 -9.719939813737e-004 -1.094826444533e-003 -1.184619702380e-003 -1.238663249270e-003 -1.255325396672e-003 -1.234102609687e-003 -1.175634784913e-003 -1.081685998375e-003 -9.550912992627e-004 -7.996711551038e-004 -6.201161346644e-004 -4.670281509239e-004 -3.338732573488e-004 -2.149682982649e-004 -1.052383283295e-004 0.000000000000e+000
 0.000000000000e+000 -2.273742702489e-005 -4.628400907034e-005 -7.147759812115e-005 -9.921446830875e-005 -1.304811329292e-004 -1.663893892401e-004 -1.972791689274e-004 -2.222179122721e-004 -2.404523372540e-004 -2.514312811105e-004 -2.548224628853e-004 -2.505226394224e-004 -2.386608290705e-004 -2.195944921444e-004 -1.938987771891e-004 -1.623491590495e-004 -1.258980005175e-004 -9.481892321081e-005 -6.778576844012e-005 -4.364503897991e-005 -2.136665663106e-005 0.000000000000e+000
 0.000000000000e+000 6.689180587307e-005 1.361605023949e-004 2.102675785538e-004 2.918467155320e-004 3.837974798427e-004 4.893884394817e-004 5.802061730071e-004 6.535103908152e-004 7.070897663475e-004 7.393285155389e-004 7.492549778675e-004 7.365707641494e-004 7.016596185502e-004 6.455757457860e-004 5.700119629176e-004 4.772486326189e-004 3.700849056444e-004 2.787194152085e-004 1.992519050178e-004 1.282900221223e-004 6.280452980937e-005 0.000000000000e+000
 0.000000000000e+000 1.555836671776e-004 3.166968232834e-004 4.890656759389e-004 6.788168456142e-004 8.926952613764e-004 1.138303994055e-003 1.349554545812e-003 1.520072326197e-003 1.644712581831e-003 1.719715433386e-003 1.742819087461e-003 1.713327852082e-003 1.632132941686e-003 1.501685468615e-003 1.325922444080e-003 1.110148012682e-003 8.608734823517e-004 6.483458185601e-004 4.634930429352e-004 2.984245395927e-004 1.460942689039e-004 0.000000000000e+000
 0.000000000000e+000 2.420942172666e-004 4.927927982609e-004 7.610062037022e-004 1.056267943150e-003 1.389073626577e-003 1.771254153604e-003 2.099972883840e-003 2.365310515501e-003 2.559261277248e-003 2.675974204098e-003 2.711929346467e-003 2.666043660650e-003 2.539703439918e-003 2.336722341425e-003 2.063226283655e-003 1.727468670920e-003 1.339581484684e-003 1.008874148692e-003 7.212302047349e-004 4.643714732896e-004 2.273339917174e-004 0.000000000000e+000
 0.000000000000e+000 3.252102979397e-004 6.619789042734e-004 1.022275335069e-003 1.418906099583e-003 1.865970166028e-003 2.379360276590e-003 2.820934075795e-003 3.177366950053e-003 3.437904763478e-003 3.594687923219e-003 3.642988047396e-003 3.581350190028e-003 3.411636409320e-003 3.138969410828e-003 2.771577973506e-003 2.320548793166e-003 1.799492173750e-003 1.355245987747e-003 9.688472985554e-004 6.238026226210e-004 3.053839421619e-004 0.000000000000e+000
 0.000000000000e+000 4.037666317729e-004 8.218830450062e-004 1.269209610911e-003 1.761645970167e-003 2.316696545439e-003 2.954092956613e-003 3.502324788149e-003 3.944849407711e-003 4.268315682053e-003 4.462966189283e-003 4.522930928562e-003 4.446403805423e-003 4.235696679634e-003 3.897169408084e-003 3.441037998523e-003 2.881066612390e-003 2.234152618659e-003 1.682601696214e-003 1.202870405419e-003 7.744813642307e-004 3.791492083987e-004 0.000000000000e+000
 0.000000000000e+000 4.766622866859e-004 9.702640470305e-004 1.498347624502e-003 2.079682440712e-003 2.734932654511e-003 3.487391956164e-003 4.134587529596e-003 4.656991342286e-003 5.038843295209e-003 5.268625796123e-003 5.339410248293e-003 5.249065207007e-003 5.000320085098e-003 4.600682572491e-003 4.062212260772e-003 3.401157219785e-003 2.637464347847e-003 1.986348742306e-003 1.420016667230e-003 9.142941509582e-004 4.475951504103e-004 0.000000000000e+000
 0.000000000000e+000 5.428762930304e-004 1.105043421454e-003 1.706479005832e-003 2.368558509637e-003 3.114815728571e-003 3.971779670334e-003 4.708854981751e-003 5.303803001254e-003 5.738676833199e-003 6.000361410487e-003 6.080967692095e-003 5.978069407139e-003 5.694775436648e-003 5.239635769610e-003 4.626383859247e-003 3.873523018447e-003 3.003769109239e-003 2.262226379917e-003 1.617240586984e-003 1.041280356935e-003 5.097620219650e-004 0.000000000000e+000
 0.000000000000e+000 6.014822218067e-004 1.224334996483e-003 1.890690084541e-003 2.624228504336e-003 3.451023258365e-003 4.400466579426e-003 5.217074737390e-003 5.876211648393e-003 6.357996976689e-003 6.647903790177e-003 6.737194628147e-003 6.623183275398e-003 6.309314683790e-003 5.805060796417e-003 5.125635386922e-003 4.291536303989e-003 3.327928585318e-003 2.506365823889e-003 1.791777145240e-003 1.153660091989e-003 5.647786047656e-004 0.000000000000e+000
 0.000000000000e+000 6.516615616030e-004 1.326472082568e-003 2.048405691091e-003 2.843115852246e-003 3.738848622874e-003 4.767447285675e-003 5.652122732865e-003 6.366188916847e-003 6.888113301341e-003 7.202163246401e-003 7.298877374169e-003 7.175348359166e-003 6.835309101134e-003 6.289019910382e-003 5.552960046815e-003 4.649332586215e-003 3.605397021284e-003 2.715345165776e-003 1.941181211471e-003 1.249859660506e-003 6.118746993273e-004 0.000000000000e+000
 0.000000000000e+000 6.927157708648e-004 1.410031906915e-003 2.177426661871e-003 3.022164758045e-003 3.974268530588e-003 5.067585896565e-003 6.007903835010e-003 6.766863491539e-003 7.321585682002e-003 7.655356221201e-003 7.758125304344e-003 7.626806853536e-003 7.265369502323e-003 6.684716788491e-003 5.902360056051e-003 4.941893425269e-003 3.832285866268e-003 2.886238395591e-003 2.063362827649e-003 1.328534409681e-003 6.503923533806e-004 0.000000000000e+000
 0.000000000000e+000 7.240769348898e-004 1.473857154829e-003 2.275962753846e-003 3.158885307079e-003 4.154001542659e-003 5.296689718474e-003 6.279438243723e-003 7.072617513088e-003 7.652327837852e-003 8.001113027844e-003 8.108479799264e-003 7.971208770482e-003 7.593448665692e-003 6.986591310852e-003 6.168931000516e-003 5.165117747170e-003 4.005419704208e-003 3.016658052836e-003 2.156618072176e-003 1.388588806364e-003 6.797957580716e-004 0.000000000000e+000
 0.000000000000e+000 7.453170295295e-004 1.517074592529e-003 2.342660861607e-003 3.251391734696e-003 4.275557186540e-003 5.451570464259e-003 6.462932598026e-003 7.279165301372e-003 7.875691386841e-003 8.234564976707e-003 8.345002212652e-003 8.203698532133e-003 7.814924342038e-003 7.190396765476e-003 6.348931021012e-003 5.315880831478e-003 4.122382972164e-003 3.104791236141e-003 2.219655388497e-003 1.429193711306e-003 6.996798110700e-004 0.000000000000e+000
 0.000000000000e+000 7.561558955479e-004 1.539110937047e-003 2.376628686012e-003 3.298433893034e-003 4.337275467453e-003 5.530092464304e-003 6.555834923066e-003 7.383613205044e-003 7.988528952863e-003 8.352409265520e-003 8.464339180187e-003 8.320979372025e-003 7.926661392289e-003 7.293258276689e-003 6.439833952113e-003 5.392080434115e-003 4.181557244024e-003 3.149428975619e-003 2.251617506111e-003 1.449801002519e-003 7.097774439084e-004 0.000000000000e+000
 0.000000000000e+000 7.564681740572e-004 1.539706411570e-003 2.377454364348e-003 3.299422345897e-003 4.338356973034e-003 5.531207713290e-003 6.556872822276e-003 7.384499575981e-003 7.989235010320e-003 8.352950129690e-003 8.464763709359e-003 8.321354053153e-003 7.927051753673e-003 7.293711454394e-003 6.440365790964e-003 5.392669829403e-003 4.182149220045e-003 3.149989349521e-003 2.252099428386e-003 1.450155965133e-003 7.099659548205e-004 0.000000000000e+000
 0.000000000000e+000 7.462896678216e-004 1.518926822974e-003 2.345223094590e-003 3.254448086710e-003 4.278884286670e-003 5.454978000025e-003 6.466074589398e-003 7.281814013591e-003 7.877763224745e-003 8.236114799725e-003 8.346190545091e-003 8.204740482842e-003 7.816031032538e-003 7.191720419117e-003 6.350524130074e-003 5.317677936264e-003 4.124210044712e-003 3.106535263552e-003 2.221163471700e-003 1.430308261804e-003 7.002728043507e-004 0.000000000000e+000
 0.000000000000e+000 7.258239103868e-004 1.477175591017e-003 2.280532564520e-003 3.164298702189e-003 4.159836149252e-003 5.302584876290e-003 6.284773156904e-003 7.076995064145e-003 7.655619002354e-003 8.003442768875e-003 8.110164290828e-003 7.972660805381e-003 7.595070535993e-003 6.988674430401e-003 6.171580409315e-003 5.168217140592e-003 4.008647236458e-003 3.019788603801e-003 2.159353115360e-003 1.390622904066e-003 6.808816606029e-004 0.000000000000e+000
 0.000000000000e+000 6.954501934783e-004 1.415208048164e-003 2.184510183119e-003 3.030474066066e-003 3.983096865070e-003 5.076328851505e-003 6.015592934936e-003 6.772905377575e-003 7.325825710079e-003 7.658046710116e-003 7.759818692106e-003 7.628202487171e-003 7.267143436897e-003 6.687362240776e-003 5.906064940814e-003 4.946479930972e-003 3.837231455359e-003 2.891143695134e-003 2.067708634705e-003 1.331793586529e-003 6.521399864900e-004 0.000000000000e+000
 0.000000000000e+000 6.557349803876e-004 1.334151658646e-003 2.058836954299e-003 2.855206650715e-003 3.751465077668e-003 4.779619993331e-003 5.662419449001e-003 6.373782674629e-003 6.892862425696e-003 7.204543100670e-003 7.299805447684e-003 7.175949836543e-003 6.836663458874e-003 6.291922827155e-003 5.557734428867e-003 4.655725975355e-003 3.612601743900e-003 2.722684966588e-003 1.947789438935e-003 1.254862214030e-003 6.145702266762e-004 0.000000000000e+000
 0.000000000000e+000 6.074495586756e-004 1.235537742881e-003 1.905785723514e-003 2.641494867510e-003 3.468668744014e-003 4.416963137354e-003 5.230350826381e-003 5.885163238594e-003 6.362569878713e-003 6.648950308876e-003 6.736191173359e-003 6.621884529146e-003 6.309393910875e-003 5.807769935632e-003 5.131520652563e-003 4.300261602658e-003 3.338275130470e-003 2.517217082133e-003 1.801711236822e-003 1.161250710754e-003 5.688877614846e-004 0.000000000000e+000
 0.000000000000e+000 5.515978930719e-004 1.121352939466e-003 1.728286048764e-003 2.393163613286e-003 3.139398027516e-003 3.993942318573e-003 4.725627547398e-003 5.313770870090e-003 5.742019043433e-003 5.998551917958e-003 6.076322388976e-003 5.973254589064e-003 5.692324091716e-003 5.241485147931e-003 4.633455918647e-003 3.885413273508e-003 3.018670465360e-003 2.278321892471e-003 1.632211486723e-003 1.052814521385e-003 5.160302408876e-004 0.000000000000e+000
 0.000000000000e+000 4.894595217674e-004 9.941217123379e-004 1.530034825571e-003 2.114976654804e-003 2.769377625823e-003 3.517211331597e-003 4.155529683421e-003 4.667355779459e-003 5.039333101173e-003 5.261724396519e-003 5.328662166615e-003 5.238414188550e-003 4.993509290178e-003 4.600668472450e-003 4.070562948844e-003 3.417493865571e-003 2.659164421712e-003 2.010468457236e-003 1.442765453297e-003 9.319315555171e-004 4.572043059090e-004 0.000000000000e+000
 0.000000000000e+000 4.226517046637e-004 8.570331716671e-004 1.315681404923e-003 1.812845085896e-003 2.365521800863e-003 2.994502391504e-003 3.528211188099e-003 3.954449123692e-003 4.263448004149e-003 4.447733464869e-003 4.502611487754e-003 4.426644299900e-003 4.221871063581e-003 3.893724359802e-003 3.450676967932e-003 2.903749946353e-003 2.266216960312e-003 1.719227276794e-003 1.237789343083e-003 8.016442345346e-004 3.939555345201e-004 0.000000000000e+000
 0.000000000000e+000 3.532096366160e-004 7.141213133174e-004 1.091126145803e-003 1.494213109599e-003 1.936268389427e-003 2.434680512872e-003 2.852383952345e-003 3.183958258431e-003 3.423792450763e-003 3.566518971334e-003 3.608348903199e-003 3.547981796345e-003 3.386960514071e-003 3.129542267413e-003 2.782118745699e-003 2.352239357219e-003 1.847659278136e-003 1.411694735146e-003 1.022986331771e-003 6.658697232518e-004 3.282614610768e-004 0.000000000000e+000
 0.000000000000e+000 2.836666388998e-004 5.704842687709e-004 8.639699106226e-004 1.168768448528e-003 1.492326842223e-003 1.847931895414e-003 2.136584069696e-003 2.364447072340e-003 2.529881242684e-003 2.628527906369e-003 2.656760926941e-003 2.613119822840e-003 2.498711915111e-003 2.317010706127e-003 2.073020982654e-003 1.771438698083e-003 1.413426361255e-003 1.097354825366e-003 8.059027777705e-004 5.296657865848e-004 2.626261417838e-004 0.000000000000e+000
 0.000000000000e+000 2.170771876325e-004 4.324560967584e-004 6.440935073510e-004 8.497159578531e-004 1.048453671280e-003 1.246440454560e-003 1.387116560650e-003 1.502834266062e-003 1.590913366732e-003 1.644745214101e-003 1.659593644026e-003 1.633500562501e-003 1.567290415742e-003 1.464334333432e-003 1.329869059634e-003 1.168754096202e-003 9.777510272393e-004 7.898375326274e-004 5.966954040685e-004 3.994408230502e-004 2.001022499907e-004 0.000000000000e+000
 0.000000000000e+000 1.568575399407e-004 3.074759262767e-004 4.440930276328e-004 5.558341855778e-004 6.278942643392e-004 6.471554770581e-004 6.012840572987e-004 6.024208755586e-004 6.158596433606e-004 6.272329724824e-004 6.299984676881e-004 6.217825183162e-004 6.033261043537e-004 5.784300167441e-004 5.545743008499e-004 5.442878420937e-004 5.670012547534e-004 5.101797989722e-004 4.086973773892e-004 2.827448829585e-004 1.440754915062e-004 0.000000000000e+000
 0.000000000000e+000 1.062526374492e-004 2.031139566905e-004 2.785254223617e-004 3.135951055904e-004 2.736460854705e-004 8.439282018855e-005 -1.815791336639e-005 -7.625134850082e-005 -1.088168968944e-004 -1.252026242388e-004 -1.300334366141e-004 -1.249675066863e-004 -1.091419011642e-004 -7.871127755853e-005 -2.502995277189e-005 7.052512011726e-005 2.520324272932e-004 2.898010257809e-004 2.568796796142e-004 1.868672253177e-004 9.758297529127e-005 0.000000000000e+000
 0.000000000000e+000 6.732562166664e-005 1.245728754705e-004 1.592934974052e-004 1.531233302826e-004 7.459106260627e-005 -1.389928829908e-004 -2.000351667205e-004 -2.558410939688e-004 -2.948552744225e-004 -3.168512988614e-004 -3.230949659441e-004 -3.140986245391e-004 -2.889669514297e-004 -2.448453189974e-004 -1.759114339277e-004 -7.138476111749e-005 8.802223900678e-005 1.484157597453e-004 1.495133692135e-004 1.156156014769e-004 6.218519354177e-005 0.000000000000e+000
 0.000000000000e+000 3.992582856599e-005 7.123924816770e-005 8.438037517578e-005 6.830888651916e-005 1.219292919492e-005 -8.246785959192e-005 -1.431039907088e-004 -1.882375052131e-004 -2.195751948598e-004 -2.375326232520e-004 -2.425291809019e-004 -2.346296203950e-004 -2.132413238133e-004 -1.770081597809e-004 -1.241069538379e-004 -5.397402253064e-005 2.554613554989e-005 7.057890730909e-005 8.142638774935e-005 6.720930925972e-005 3.732396694191e-005 0.000000000000e+000
 0.000000000000e+000 2.199765267308e-005 3.761098995237e-005 4.049574361071e-005 2.500892621072e-005 -1.139798240447e-005 -6.233041814864e-005 -1.057757374693e-004 -1.398232415110e-004 -1.639667840757e-004 -1.779807535192e-004 -1.818086136848e-004 -1.753721087829e-004 -1.584704890875e-004 -1.309107923550e-004 -9.309019014133e-005 -4.749700858853e-005 -1.710617529027e-006 2.894961773684e-005 4.073704563897e-005 3.639700455843e-005 2.097079490181e-005 0.000000000000e+000
 0.000000000000e+000 1.092718409071e-005 1.752070801853e-005 1.585415598205e-005 3.167251973655e-006 -2.070865433186e-005 -5.146602542002e-005 -8.087605291857e-005 -1.053192433412e-004 -1.231860265383e-004 -1.337146103151e-004 -1.365617070611e-004 -1.316045846755e-004 -1.188983282000e-004 -9.882526932875e-005 -7.251328485866e-005 -4.257411851980e-005 -1.389022850989e-005 7.022618307451e-006 1.734239613935e-005 1.771373845558e-005 1.076307660190e-005 0.000000000000e+000
 0.000000000000e+000 4.425529880640e-006 6.067549621956e-006 2.574103514167e-006 -7.417260353551e-006 -2.358351508217e-005 -4.342361455228e-005 -6.326051732626e-005 -8.040932604913e-005 -9.327307245947e-005 -1.009612298303e-004 -1.030318720749e-004 -9.935701255499e-005 -9.009971989867e-005 -7.581027609795e-005 -5.764125800094e-005 -3.761581272529e-005 -1.869678792142e-005 -4.110095630264e-006 4.393087471357e-006 6.860021773625e-006 4.676163536554e-006 0.000000000000e+000
 0.000000000000e+000 8.026237020583e-007 -1.195685870678e-007 -4.152636201662e-006 -1.198650208238e-005 -2.329205171757e-005 -3.662860208884e-005 -5.014565618570e-005 -6.208840999668e-005 -7.120822655522e-005 -7.671816955905e-005 -7.819967329497e-005 -7.553871361001e-005 -6.891485696976e-005 -5.884702119921e-005 -4.627723214581e-005 -3.262887854484e-005 -1.970672702665e-005 -9.277065441035e-006 -2.394098872853e-006 8.536553188412e-007 1.215540169520e-006 0.000000000000e+000
 0.000000000000e+000 -1.078193934535e-006 -3.198384599941e-006 -7.167942841339e-006 -1.334201090630e-005 -2.147083572763e-005 -3.070259240950e-005 -4.004190042649e-005 -4.836942763659e-005 -5.479355740481e-005 -5.870172613111e-005 -5.975056449364e-005 -5.784769467662e-005 -5.314856529262e-005 -4.607184169886e-005 -3.731773539835e-005 -2.785064557135e-005 -1.878882582121e-005 -1.116315258828e-005 -5.614670077510e-006 -2.242382322337e-006 -6.328297505894e-007 0.000000000000e+000
 0.000000000000e+000 -1.940217692803e-006 -4.496662626893e-006 -8.132994579672e-006 -1.302988452291e-005 -1.900874308418e-005 -2.554874198164e-005 -3.209723136042e-005 -3.793975418711e-005 -4.246482899922e-005 -4.522657209354e-005 -4.596517488179e-005 -4.461042408809e-005 -4.128271417244e-005 -3.629412448679e-005 -3.014047356213e-005 -2.346513685380e-005 -1.697312743287e-005 -1.129190272994e-005 -6.819921608420e-006 -3.639934938336e-006 -1.522609088083e-006 0.000000000000e+000
 0.000000000000e+000 -2.227767908964e-006 -4.811822311718e-006 -8.012511269830e-006 -1.191619407644e-005 -1.639458070778e-005 -2.111844017382e-005 -2.577819904545e-005 -2.991460261501e-005 -3.311616148323e-005 -3.507041874712e-005 -3.559016214924e-005 -3.462431874252e-005 -3.226060129154e-005 -2.872139075225e-005 -2.434850144506e-005 -1.956863880893e-005 -1.483296912246e-005 -1.053495203838e-005 -6.928587400829e-006 -4.079120455706e-006 -1.861298423103e-006 0.000000000000e+000
 0.000000000000e+000 -2.206973442994e-006 -4.613898389156e-006 -7.361464239522e-006 -1.048423761885e-005 -1.388775896309e-005 -1.735733816905e-005 -2.072113531476e-005 -2.368142788090e-005 -2.596366080007e-005 -2.735363910732e-005 -2.772048808817e-005 -2.702816534656e-005 -2.533833267517e-005 -2.280527926035e-005 -1.966115133815e-005 -1.618864084498e-005 -1.268016183350e-005 -9.388203016824e-006 -6.478877774313e-006 -4.003538602598e-006 -1.896795249773e-006 0.000000000000e+000
 0.000000000000e+000 -2.033721786236e-006 -4.174625165699e-006 -6.493629204290e-006 -8.997155148589e-006 -1.161374568495e-005 -1.419935189820e-005 -1.666129125388e-005 -1.880484806101e-005 -2.044734197888e-005 -2.144374258236e-005 -2.170425072777e-005 -2.120394998878e-005 -1.998529475484e-005 -1.815367357805e-005 -1.586552756024e-005 -1.330845858799e-005 -1.067415437589e-005 -8.127817158781e-006 -5.780818985508e-006 -3.674072853783e-006 -1.776692151967e-006 0.000000000000e+000
 0.000000000000e+000 -1.797054453860e-006 -3.647089678050e-006 -5.581015881549e-006 -7.590627859393e-006 -9.620645996536e-006 -1.157188149042e-005 -1.339721960917e-005 -1.496813954497e-005 -1.616298666249e-005 -1.688415820707e-005 -1.707070618739e-005 -1.670563812815e-005 -1.581785409816e-005 -1.447874328775e-005 -1.279341587907e-005 -1.088683395371e-005 -8.886022553732e-006 -6.900975621051e-006 -5.008143841347e-006 -3.240513537058e-006 -1.586807412885e-006 0.000000000000e+000
 0.000000000000e+000 -1.546079161608e-006 -3.114148984040e-006 -4.712820863010e-006 -6.327045561345e-006 -7.913366457446e-006 -9.401873480491e-006 -1.077143176714e-005 -1.193638045966e-005 -1.281541904772e-005 -1.334297298826e-005 -1.347789836995e-005 -1.320870276034e-005 -1.255496339375e-005 -1.156488371670e-005 -1.030912376746e-005 -8.871375254352e-006 -7.336734209316e-006 -5.779650053715e-006 -4.253763730352e-006 -2.785879286035e-006 -1.375490173317e-006 0.000000000000e+000
 0.000000000000e+000 -1.306385002955e-006 -2.617623063808e-006 -3.930493450966e-006 -5.227525785249e-006 -6.474197425392e-006 -7.620202757528e-006 -8.658883403117e-006 -9.532540210303e-006 -1.018653158224e-005 -1.057672763970e-005 -1.067538882255e-005 -1.047477526530e-005 -9.988145761242e-006 -9.248068789415e-006 -8.302203762031e-006 -7.206997348345e-006 -6.020105729931e-006 -4.792728847403e-006 -3.563263272365e-006 -2.353572480884e-006 -1.168685409766e-006 0.000000000000e+000
 0.000000000000e+000 -1.089951336023e-006 -2.175796354938e-006 -3.248588745274e-006 -4.290863635910e-006 -5.275020236594e-006 -6.164195690668e-006 -6.959458687792e-006 -7.621497774515e-006 -8.113310384520e-006 -8.405068263379e-006 -8.478032015801e-006 -8.326993610805e-006 -7.960962273608e-006 -7.402023440747e-006 -6.682505142259e-006 -5.840804098783e-006 -4.916454396091e-006 -3.945220635435e-006 -2.955084906389e-006 -1.963898004461e-006 -9.791648992603e-007 0.000000000000e+000
 0.000000000000e+000 -9.010798593934e-007 -1.793845652668e-006 -2.667111528119e-006 -3.504659636195e-006 -4.284343286367e-006 -4.978721595634e-006 -5.592664700246e-006 -6.099057795904e-006 -6.472611624736e-006 -6.693030351855e-006 -6.747595308347e-006 -6.632795182414e-006 -6.354788813926e-006 -5.928645020546e-006 -5.376460636451e-006 -4.724613926071e-006 -4.000556484850e-006 -3.229655351795e-006 -2.432628677300e-006 -1.624040580533e-006 -8.121318355527e-007 0.000000000000e+000
 0.000000000000e+000 -7.399137870636e-007 -1.469998624898e-006 -2.178748613211e-006 -2.851740757079e-006 -3.471171277419e-006 -4.016336250817e-006 -4.493665292067e-006 -4.884211150169e-006 -5.170505333525e-006 -5.338619154734e-006 -5.379860056859e-006 -5.291850044229e-006 -5.078834212246e-006 -4.751178482310e-006 -4.324128211617e-006 -3.816007114158e-006 -3.246128743107e-006 -2.632753739815e-006 -1.991435087759e-006 -1.334036843911e-006 -6.685915780135e-007 0.000000000000e+000
 0.000000000000e+000 -6.044996904310e-007 -1.199120979523e-006 -1.773030453697e-006 -2.313753277774e-006 -2.806964852924e-006 -3.236865497704e-006 -3.610204410549e-006 -3.913561689917e-006 -4.134727997470e-006 -4.264046373328e-006 -4.295522877174e-006 -4.227536163883e-006 -4.063041482416e-006 -3.809240259402e-006 -3.476764273259e-006 -3.078496228089e-006 -2.628207769920e-006 -2.139231103948e-006 -1.623380949183e-006 -1.090303797766e-006 -5.473545418573e-007 0.000000000000e+000
 0.000000000000e+000 -4.919728952727e-007 -9.747603650950e-007 -1.438654755586e-006 -1.873069273640e-006 -2.266475591481e-006 -2.606701236834e-006 -2.900167025331e-006 -3.137237049123e-006 -3.309269437887e-006 -3.409491620589e-006 -3.433726956149e-006 -3.380860294830e-006 -3.252972131440e-006 -3.055121563579e-006 -2.794810845418e-006 -2.481212778349e-006 -2.124280077772e-006 -1.733876561048e-006 -1.319067946138e-006 -8.876829309216e-007 -4.462059405947e-007 0.000000000000e+000
 0.000000000000e+000 -3.992188366516e-007 -7.902697807572e-007 -1.164718939250e-006 -1.513702127491e-006 -1.827941839220e-006 -2.097985720253e-006 -2.329622826971e-006 -2.515840145980e-006 -2.650440367930e-006 -2.728614628075e-006 -2.747418351132e-006 -2.706076477981e-006 -2.606071402469e-006 -2.451000295785e-006 -2.246223456674e-006 -1.998357241827e-006 -1.714689419802e-006 -1.402607245554e-006 -1.069126113486e-006 -7.205884926955e-007 -3.625712647496e-007 0.000000000000e+000
 0.000000000000e+000 -3.232239040779e-007 -6.393876750571e-007 -9.413139734776e-007 -1.221653494936e-006 -1.472941453635e-006 -1.687789819895e-006 -1.871248244710e-006 -2.018145784852e-006 -2.123979355466e-006 -2.185290166788e-006 -2.199976112663e-006 -2.167492080255e-006 -2.088907512727e-006 -1.966812372921e-006 -1.805085660460e-006 -1.608561509630e-006 -1.382643481053e-006 -1.132925278876e-006 -8.648740479340e-007 -5.836204194134e-007 -2.938792471688e-007 0.000000000000e+000
 0.000000000000e+000 -2.612449187295e-007 -5.165027353675e-007 -7.597529654283e-007 -9.849465433465e-007 -1.186078544108e-006 -1.357343505237e-006 -1.503050736788e-006 -1.619340584215e-006 -1.702898703733e-006 -1.751204888567e-006 -1.762738961167e-006 -1.737112573204e-006 -1.675106896081e-006 -1.578610376240e-006 -1.450465760003e-006 -1.294249178130e-006 -1.114014092461e-006 -9.140376334453e-007 -6.986052988595e-007 -4.718621516581e-007 -2.377457187815e-007 0.000000000000e+000
 0.000000000000e+000 -2.108750549942e-007 -4.167405781859e-007 -6.125985772915e-007 -7.934973273931e-007 -9.546072324449e-007 -1.091346403368e-006 -1.207336974501e-006 -1.299665483310e-006 -1.365862518730e-006 -1.404068353931e-006 -1.413169383189e-006 -1.392885204759e-006 -1.343793345667e-006 -1.267287820085e-006 -1.165477488653e-006 -1.041038997424e-006 -8.970455144458e-007 -7.367954486493e-007 -5.636642438131e-007 -3.809972627431e-007 -1.920535171844e-007 0.000000000000e+000
 0.000000000000e+000 -1.700527775471e-007 -3.359542483968e-007 -4.935866272420e-007 -6.389131066806e-007 -7.680499217998e-007 -8.773678637921e-007 -9.698786580434e-007 -1.043360694234e-006 -1.095953091700e-006 -1.126266880835e-006 -1.133476036889e-006 -1.117375345924e-006 -1.078396679593e-006 -1.017581202885e-006 -9.365113760970e-007 -8.372123170413e-007 -7.220362353435e-007 -5.935455326443e-007 -4.544094298347e-007 -3.073257131613e-007 -1.549739262091e-007 0.000000000000e+000
 0.000000000000e+000 -1.370413613591e-007 -2.706667831774e-007 -3.975026153821e-007 -5.142680309379e-007 -6.178400146972e-007 -7.053353832247e-007 -7.792386771175e-007 -8.378405751835e-007 -8.797242149725e-007 -9.038405526861e-007 -9.095696107746e-007 -8.967592084326e-007 -8.657357284321e-007 -8.172853167944e-007 -7.526080127709e-007 -6.732509967648e-007 -5.810298166524e-007 -4.779476592220e-007 -3.661222564286e-007 -2.477279248206e-007 -1.249568855508e-007 0.000000000000e+000
 0.000000000000e+000 -1.103950299801e-007 -2.179936866472e-007 -3.200433203760e-007 -4.138834918528e-007 -4.970027173604e-007 -5.671047028434e-007 -6.262273320234e-007 -6.730450530956e-007 -7.064690556171e-007 -7.256989159966e-007 -7.302642095405e-007 -7.200506612836e-007 -6.953073171997e-007 -6.566336994977e-007 -6.049485628000e-007 -5.414442544770e-007 -4.675324095279e-007 -3.847874901331e-007 -2.948943785890e-007 -1.996049014870e-007 -1.007060349890e-007 0.000000000000e+000
 0.000000000000e+000 -8.892078515704e-008 -1.755608612724e-007 -2.576808552663e-007 -3.331267172164e-007 -3.998782208966e-007 -4.561024296078e-007 -5.034639570896e-007 -5.409277626573e-007 -5.676502371255e-007 -5.830150310502e-007 -5.866616426552e-007 -5.785032574798e-007 -5.587315651295e-007 -5.278078857515e-007 -4.864416537578e-007 -4.355588524583e-007 -3.762641115125e-007 -3.098006880036e-007 -2.375123668031e-007 -1.608104735751e-007 -8.114784600341e-008 0.000000000000e+000
 0.000000000000e+000 -7.164083448739e-008 -1.414262071556e-007 -2.075378426957e-007 -2.682332246223e-007 -3.218864490226e-007 -3.670313795888e-007 -4.050238721814e-007 -4.350508080668e-007 -4.564537732594e-007 -4.687542442131e-007 -4.716734734779e-007 -4.651448024776e-007 -4.493169307009e-007 -4.245477103857e-007 -3.913891483152e-007 -3.505652981274e-007 -3.029454536347e-007 -2.495153890677e-007 -1.913492817609e-007 -1.295844235370e-007 -6.539997491235e-008 0.000000000000e+000
 0.000000000000e+000 -5.775806430523e-008 -1.140087977968e-007 -1.672773210102e-007 -2.161542982239e-007 -2.593300079415e-007 -2.956291882675e-007 -3.261543444473e-007 -3.502631754134e-007 -3.674384061819e-007 -3.773057425196e-007 -3.796478915895e-007 -3.744131716929e-007 -3.617177580533e-007 -3.418412865884e-007 -3.152162607252e-007 -2.824123569979e-007 -2.441172008250e-007 -2.011154057920e-007 -1.542676084284e-007 -1.044908988425e-007 -5.274151162675e-008 0.000000000000e+000
 0.000000000000e+000 -4.662558486169e-008 -9.202708064215e-008 -1.350081717786e-007 -1.744283037049e-007 -2.092309107718e-007 -2.384715801066e-007 -2.630463227274e-007 -2.824451052550e-007 -2.962590114077e-007 -3.041932311604e-007 -3.060770904268e-007 -3.018701579419e-007 -2.916638094698e-007 -2.756780702125e-007 -2.542540268667e-007 -2.278425260232e-007 -1.969901874877e-007 -1.623239107808e-007 -1.245350205325e-007 -8.436399118828e-008 -4.258635592830e-008 0.000000000000e+000
 0.000000000000e+000 -3.772058224474e-008 -7.444620107151e-008 -1.092053725521e-007 -1.410735503924e-007 -1.691964270763e-007 -1.928127409133e-007 -2.126512309110e-007 -2.283047074685e-007 -2.394479038459e-007 -2.458470173888e-007 -2.473669956513e-007 -2.439759350892e-007 -2.357461878234e-007 -2.228520605878e-007 -2.055642978979e-007 -1.842418210831e-007 -1.593213999032e-007 -1.313060368232e-007 -1.007528279736e-007 -6.826093996970e-008 -3.446013211807e-008 0.000000000000e+000
 0.000000000000e+000 -3.062229413353e-008 -6.043385933042e-008 -8.864367863209e-008 -1.145000166314e-007 -1.373096348672e-007 -1.564563212142e-007 -1.725341702504e-007 -1.852161209487e-007 -1.942416920510e-007 -1.994241033150e-007 -2.006556555094e-007 -1.979109519175e-007 -1.912476952300e-007 -1.808049847224e-007 -1.667992415194e-007 -1.495180738207e-007 -1.293125318539e-007 -1.065882723680e-007 -8.179614838545e-008 -5.542266426460e-008 -2.798060610494e-008 0.000000000000e+000
 0.000000000000e+000 -2.499373012075e-008 -4.932380680358e-008 -7.234308777920e-008 -9.343725564935e-008 -1.120406953826e-007 -1.276516268422e-007 -1.407565662398e-007 -1.510908435954e-007 -1.584441760699e-007 -1.626660739820e-007 -1.636698840493e-007 -1.614351917592e-007 -1.560084065198e-007 -1.475014804945e-007 -1.360888470867e-007 -1.220027873453e-007 -1.055275258760e-007 -8.699240707357e-008 -6.676450400817e-008 -4.524096784651e-008 -2.284134609922e-008 0.000000000000e+000
 0.000000000000e+000 -2.056668739836e-008 -4.058600375644e-008 -5.952444128014e-008 -7.687600288471e-008 -9.217539428738e-008 -1.050104818025e-007 -1.157826705583e-007 -1.242756616227e-007 -1.303179375390e-007 -1.337869438472e-007 -1.346121881020e-007 -1.327770679021e-007 -1.283193102225e-007 -1.213299894860e-007 -1.119511828204e-007 -1.003724037263e-007 -8.682601872092e-008 -7.158188756748e-008 -5.494147156956e-008 -3.723162987297e-008 -1.879827516331e-008 0.000000000000e+000
 0.000000000000e+000 -1.712961309717e-008 -3.380249481927e-008 -4.957364326304e-008 -6.402130039556e-008 -7.675802342152e-008 -8.744106407407e-008 -9.640545095737e-008 -1.034720197646e-007 -1.084989206556e-007 -1.113849240115e-007 -1.120718502621e-007 -1.105459941569e-007 -1.068384631213e-007 -1.010244080827e-007 -9.322118718218e-008 -8.358555967320e-008 -7.231005181628e-008 -5.961866246465e-008 -4.576208264963e-008 -3.101258915994e-008 -1.565874475242e-008 0.000000000000e+000
 0.000000000000e+000 -1.451790133873e-008 -2.864815260443e-008 -4.201316682898e-008 -5.425527746677e-008 -6.504617749261e-008 -7.409571834239e-008 -8.168831944514e-008 -8.767279166021e-008 -9.192958109311e-008 -9.437345265544e-008 -9.495544839549e-008 -9.366402916062e-008 -9.052534330922e-008 -8.560260786589e-008 -7.899463062296e-008 -7.083354237399e-008 -6.128183975290e-008 -5.052885952166e-008 -3.878681157034e-008 -2.628649170994e-008 -1.327277894925e-008 0.000000000000e+000
 0.000000000000e+000 -1.260626649305e-008 -2.487555883604e-008 -3.647972198130e-008 -4.710804472484e-008 -5.647549290858e-008 -6.433035108305e-008 -7.091990229943e-008 -7.611330267333e-008 -7.980718396963e-008 -8.192790503909e-008 -8.243318515769e-008 -8.131305185293e-008 -7.859006257464e-008 -7.431878955652e-008 -6.858458924209e-008 -6.150170697184e-008 -5.321079139753e-008 -4.387590916975e-008 -3.368115668537e-008 -2.282696438061e-008 -1.152617940720e-008 0.000000000000e+000
 0.000000000000e+000 -1.130289404347e-008 -2.230341902987e-008 -3.270716517518e-008 -4.223545685413e-008 -5.063275830296e-008 -5.767352588206e-008 -6.357967795941e-008 -6.823417930246e-008 -7.154463303480e-008 -7.344524860852e-008 -7.389826315560e-008 -7.289476357368e-008 -7.045487782249e-008 -6.662732755687e-008 -6.148835889277e-008 -5.514009069174e-008 -4.770833901264e-008 -3.933998939762e-008 -3.019999545019e-008 -2.046808234917e-008 -1.033522970429e-008 0.000000000000e+000
 0.000000000000e+000 -1.054513018087e-008 -2.080803012519e-008 -3.051392463382e-008 -3.940277092582e-008 -4.723618113749e-008 -5.380381564408e-008 -5.931282952144e-008 -6.365419246033e-008 -6.674186240263e-008 -6.851459295970e-008 -6.893723509858e-008 -6.800148839285e-008 -6.572607534111e-008 -6.215633234860e-008 -5.736323149490e-008 -5.144186668438e-008 -4.450945405774e-008 -3.670290826002e-008 -2.817606276952e-008 -1.909660430646e-008 -9.642788596994e-009 0.000000000000e+000
 0.000000000000e+000 -1.029652891843e-008 -2.031743775291e-008 -2.979439535283e-008 -3.847347307850e-008 -4.612190846983e-008 -5.253434803838e-008 -5.791310077031e-008 -6.215175885142e-008 -6.516636125847e-008 -6.689714922208e-008 -6.730982920965e-008 -6.639630127159e-008 -6.417482794202e-008 -6.068963760487e-008 -5.600997568852e-008 -5.022863543218e-008 -4.346001536377e-008 -3.583776177374e-008 -2.751206145518e-008 -1.864665151546e-008 -9.415611660402e-009 0.000000000000e+000

