mode3:E: Re(Ey) vs position, x=5e-06(m), lambda=1.55e-06(m) 

y(microns)(161,1)
 -1.600000000000e+000
 -1.580000000000e+000
 -1.560000000000e+000
 -1.540000000000e+000
 -1.520000000000e+000
 -1.500000000000e+000
 -1.480000000000e+000
 -1.460000000000e+000
 -1.440000000000e+000
 -1.420000000000e+000
 -1.400000000000e+000
 -1.380000000000e+000
 -1.360000000000e+000
 -1.340000000000e+000
 -1.320000000000e+000
 -1.300000000000e+000
 -1.280000000000e+000
 -1.260000000000e+000
 -1.240000000000e+000
 -1.220000000000e+000
 -1.200000000000e+000
 -1.180000000000e+000
 -1.160000000000e+000
 -1.140000000000e+000
 -1.120000000000e+000
 -1.100000000000e+000
 -1.080000000000e+000
 -1.060000000000e+000
 -1.040000000000e+000
 -1.020000000000e+000
 -1.000000000000e+000
 -9.800000000000e-001
 -9.600000000000e-001
 -9.400000000000e-001
 -9.200000000000e-001
 -9.000000000000e-001
 -8.800000000000e-001
 -8.600000000000e-001
 -8.400000000000e-001
 -8.200000000000e-001
 -8.000000000000e-001
 -7.800000000000e-001
 -7.600000000000e-001
 -7.400000000000e-001
 -7.200000000000e-001
 -7.000000000000e-001
 -6.800000000000e-001
 -6.600000000000e-001
 -6.400000000000e-001
 -6.200000000000e-001
 -6.000000000000e-001
 -5.800000000000e-001
 -5.600000000000e-001
 -5.400000000000e-001
 -5.200000000000e-001
 -5.000000000000e-001
 -4.800000000000e-001
 -4.600000000000e-001
 -4.400000000000e-001
 -4.200000000000e-001
 -4.000000000000e-001
 -3.800000000000e-001
 -3.600000000000e-001
 -3.400000000000e-001
 -3.200000000000e-001
 -3.000000000000e-001
 -2.800000000000e-001
 -2.600000000000e-001
 -2.400000000000e-001
 -2.200000000000e-001
 -2.000000000000e-001
 -1.800000000000e-001
 -1.600000000000e-001
 -1.400000000000e-001
 -1.200000000000e-001
 -1.000000000000e-001
 -8.000000000000e-002
 -6.000000000000e-002
 -4.000000000000e-002
 -2.000000000000e-002
 0.000000000000e+000
 2.000000000000e-002
 4.000000000000e-002
 6.000000000000e-002
 8.000000000000e-002
 1.000000000000e-001
 1.200000000000e-001
 1.400000000000e-001
 1.600000000000e-001
 1.800000000000e-001
 2.000000000000e-001
 2.200000000000e-001
 2.400000000000e-001
 2.600000000000e-001
 2.800000000000e-001
 3.000000000000e-001
 3.200000000000e-001
 3.400000000000e-001
 3.600000000000e-001
 3.800000000000e-001
 4.000000000000e-001
 4.200000000000e-001
 4.400000000000e-001
 4.600000000000e-001
 4.800000000000e-001
 5.000000000000e-001
 5.200000000000e-001
 5.400000000000e-001
 5.600000000000e-001
 5.800000000000e-001
 6.000000000000e-001
 6.200000000000e-001
 6.400000000000e-001
 6.600000000000e-001
 6.800000000000e-001
 7.000000000000e-001
 7.200000000000e-001
 7.400000000000e-001
 7.600000000000e-001
 7.800000000000e-001
 8.000000000000e-001
 8.200000000000e-001
 8.400000000000e-001
 8.600000000000e-001
 8.800000000000e-001
 9.000000000000e-001
 9.200000000000e-001
 9.400000000000e-001
 9.600000000000e-001
 9.800000000000e-001
 1.000000000000e+000
 1.020000000000e+000
 1.040000000000e+000
 1.060000000000e+000
 1.080000000000e+000
 1.100000000000e+000
 1.120000000000e+000
 1.140000000000e+000
 1.160000000000e+000
 1.180000000000e+000
 1.200000000000e+000
 1.220000000000e+000
 1.240000000000e+000
 1.260000000000e+000
 1.280000000000e+000
 1.300000000000e+000
 1.320000000000e+000
 1.340000000000e+000
 1.360000000000e+000
 1.380000000000e+000
 1.400000000000e+000
 1.420000000000e+000
 1.440000000000e+000
 1.460000000000e+000
 1.480000000000e+000
 1.500000000000e+000
 1.520000000000e+000
 1.540000000000e+000
 1.560000000000e+000
 1.580000000000e+000
 1.600000000000e+000

z(microns)(23,1)
 -1.100000000000e-001
 -9.000000000000e-002
 -7.000000000000e-002
 -5.000000000000e-002
 -3.000000000000e-002
 -1.000000000000e-002
 1.000000000000e-002
 3.000000000000e-002
 5.000000000000e-002
 7.000000000000e-002
 9.000000000000e-002
 1.100000000000e-001
 1.300000000000e-001
 1.500000000000e-001
 1.700000000000e-001
 1.900000000000e-001
 2.100000000000e-001
 2.300000000000e-001
 2.500000000000e-001
 2.700000000000e-001
 2.900000000000e-001
 3.100000000000e-001
 3.300000000000e-001

mode3:E: Re(Ey) vs position, x=5e-06(m), lambda=1.55e-06(m) (161,23)
 0.000000000000e+000 1.282771925865e-005 2.515913416460e-005 3.651328653219e-005 4.643944593390e-005 5.453107652374e-005 6.598641424279e-005 8.113324671168e-005 9.390553496588e-005 1.040637943524e-004 1.114259942827e-004 1.158715433324e-004 1.173438841203e-004 1.158516501663e-004 1.114683713045e-004 1.043307479340e-004 9.463554640934e-005 8.263519734461e-005 6.863220488826e-005 5.297249770163e-005 3.603787127477e-005 1.823768637175e-005 0.000000000000e+000
 0.000000000000e+000 1.321389840308e-005 2.591847910770e-005 3.762016799598e-005 4.785640134428e-005 5.620995386005e-005 6.797320604309e-005 8.348285939948e-005 9.655786982563e-005 1.069526749465e-004 1.144806437963e-004 1.190181598799e-004 1.205072771281e-004 1.189569000410e-004 1.144424747387e-004 1.071042123387e-004 9.714389898031e-005 8.482037704111e-005 7.044380895070e-005 5.436885809577e-005 3.698694046690e-005 1.871771597539e-005 0.000000000000e+000
 0.000000000000e+000 1.439375980001e-005 2.823848440208e-005 4.100209517282e-005 5.218591263317e-005 6.134008698856e-005 7.404318480911e-005 9.065911876898e-005 1.046570472204e-004 1.157728675802e-004 1.238059179747e-004 1.286233589455e-004 1.301630152846e-004 1.284346265579e-004 1.235194935255e-004 1.155685454156e-004 1.047988886401e-004 9.148893004270e-005 7.597219639892e-005 5.862999621408e-005 3.988308976118e-005 2.018254891370e-005 0.000000000000e+000
 0.000000000000e+000 1.643241169659e-005 3.224729883305e-005 4.684618527968e-005 5.966811363454e-005 7.020697708122e-005 8.453098993675e-005 1.030510061261e-004 1.186370326956e-004 1.309930276923e-004 1.398941671364e-004 1.451917405717e-004 1.468163116442e-004 1.447790876295e-004 1.391714861347e-004 1.301629303029e-004 1.179969442411e-004 1.029856568479e-004 8.550285386739e-005 6.597574437830e-005 4.487562899307e-005 2.270767308994e-005 0.000000000000e+000
 0.000000000000e+000 1.944221546917e-005 3.816607938871e-005 5.547536856295e-005 7.071744394411e-005 8.330338194495e-005 1.000140907731e-004 1.213295657857e-004 1.392463131292e-004 1.534213385352e-004 1.635943185692e-004 1.695932502513e-004 1.713380770208e-004 1.688422282786e-004 1.622120626294e-004 1.516442561224e-004 1.374212243391e-004 1.199047094942e-004 9.952769975650e-005 7.678487724449e-005 5.222181368145e-005 2.642314908158e-005 0.000000000000e+000
 0.000000000000e+000 2.358876941702e-005 4.632077293623e-005 6.736560170190e-005 8.594475884340e-005 1.013556346365e-004 1.213434793046e-004 1.464832646629e-004 1.675870890393e-004 1.842476200930e-004 1.961559263623e-004 2.031081580417e-004 2.050098049883e-004 2.018774602757e-004 1.938380827180e-004 1.811258144705e-004 1.640764674381e-004 1.431198426970e-004 1.187700890974e-004 9.161434008714e-005 6.229989188075e-005 3.152020235434e-005 0.000000000000e+000
 0.000000000000e+000 2.909972218754e-005 5.715946939027e-005 8.317122165893e-005 1.061898958001e-004 1.253624097242e-004 1.496888730151e-004 1.798700557787e-004 2.051729696687e-004 2.251053059175e-004 2.392939925597e-004 2.474932341233e-004 2.495895953663e-004 2.456040459450e-004 2.356909649865e-004 2.201341831343e-004 1.993402110889e-004 1.738288651194e-004 1.442215496506e-004 1.112274942112e-004 7.562826735242e-005 3.826090525242e-005 0.000000000000e+000
 0.000000000000e+000 3.627687918048e-005 7.127623887693e-005 1.037597736257e-004 1.325664112676e-004 1.566479780094e-004 1.866008013492e-004 2.232888665057e-004 2.540081737883e-004 2.781565011172e-004 2.952779068390e-004 3.050725233899e-004 3.074026955430e-004 3.022953658000e-004 2.899407149244e-004 2.706871660025e-004 2.450329506205e-004 2.136145117583e-004 1.771920773406e-004 1.366327803513e-004 9.289172707164e-005 4.699142698822e-005 0.000000000000e+000
 0.000000000000e+000 4.551223810672e-005 8.944270584942e-005 1.302581444953e-004 1.665208414570e-004 1.969327529834e-004 2.340928361853e-004 2.790742491031e-004 3.166923609030e-004 3.462045341312e-004 3.670490998553e-004 3.788573881759e-004 3.814611943054e-004 3.748955650313e-004 3.593969278722e-004 3.353967154184e-004 3.035107528959e-004 2.645247722109e-004 2.193764872057e-004 1.691347117246e-004 1.149760261806e-004 5.815950375134e-005 0.000000000000e+000
 0.000000000000e+000 5.730879579109e-005 1.126490188339e-004 1.641124267147e-004 2.099096039937e-004 2.484248420704e-004 2.947482854449e-004 3.502191449223e-004 3.965565566534e-004 4.328398461888e-004 4.583734935112e-004 4.727019969432e-004 4.756189961637e-004 4.671705172726e-004 4.476523844733e-004 4.176020139771e-004 3.777849556181e-004 3.291766682624e-004 2.729401015740e-004 2.103997080228e-004 1.430125280832e-004 7.233698476648e-005 0.000000000000e+000
 0.000000000000e+000 7.230721784303e-005 1.421563663155e-004 2.071646570966e-004 2.650975836102e-004 3.139374204627e-004 3.718569554022e-004 4.405321891979e-004 4.978372641726e-004 5.426268018201e-004 5.740366386501e-004 5.915022668682e-004 5.947700127884e-004 5.839007889098e-004 5.592664983586e-004 5.215393977418e-004 4.716749211105e-004 4.108886219907e-004 3.406279954298e-004 2.625399963750e-004 1.784350788777e-004 9.024855232496e-005 0.000000000000e+000
 0.000000000000e+000 9.131976858494e-005 1.795637922028e-004 2.617504580628e-004 3.350835821856e-004 3.970381028765e-004 4.695891695080e-004 5.548377995383e-004 6.258978575581e-004 6.813411450028e-004 7.200916536692e-004 7.414485165991e-004 7.450997262453e-004 7.311264223679e-004 6.999978801655e-004 6.525576346000e-004 5.900014376101e-004 5.138479441450e-004 4.259031508007e-004 3.282196653947e-004 2.230518735981e-004 1.128080043251e-004 0.000000000000e+000
 0.000000000000e+000 1.153732758066e-004 2.268928085017e-004 3.308226995524e-004 4.236592199151e-004 5.022381695604e-004 5.932161934819e-004 6.992295458620e-004 7.875088432717e-004 8.562704848970e-004 9.041728364704e-004 9.303448720195e-004 9.344030224025e-004 9.164559913766e-004 8.770977478585e-004 8.173893174492e-004 7.388303453827e-004 6.433216628587e-004 5.331202450051e-004 4.107879984967e-004 2.791357693207e-004 1.411638377508e-004 0.000000000000e+000
 0.000000000000e+000 1.457633717863e-004 2.866942247602e-004 4.181076527869e-004 5.356096215977e-004 6.352315944992e-004 7.493886622068e-004 8.813901148781e-004 9.912016868223e-004 1.076593518994e-003 1.135891267957e-003 1.168011943002e-003 1.172484607060e-003 1.149455650271e-003 1.099678962520e-003 1.024491898275e-003 9.257783985193e-004 8.059209765574e-004 6.677434667127e-004 5.144464721229e-004 3.495373422575e-004 1.767562930259e-004 0.000000000000e+000
 0.000000000000e+000 1.841228304491e-004 3.621827573684e-004 5.283017881347e-004 6.769663974423e-004 8.031964336040e-004 9.464876635859e-004 1.110994712317e-003 1.247714808536e-003 1.353857875537e-003 1.427333049253e-003 1.466793642786e-003 1.471662583978e-003 1.442137971290e-003 1.379179251660e-003 1.284475305223e-003 1.160396362768e-003 1.009932136293e-003 8.366187818098e-004 6.444573271075e-004 4.378259998287e-004 2.213885253307e-004 0.000000000000e+000
 0.000000000000e+000 2.325075363023e-004 4.574063990967e-004 6.673194578101e-004 8.553261381241e-004 1.015174391788e-003 1.195066970932e-003 1.400219186280e-003 1.570555274256e-003 1.702581718520e-003 1.793686261089e-003 1.842194495183e-003 1.847401123037e-003 1.809575449612e-003 1.729941884866e-003 1.610637308002e-003 1.454648022421e-003 1.265729639129e-003 1.048313528235e-003 8.074034540954e-004 5.484656724112e-004 2.773151726860e-004 0.000000000000e+000
 0.000000000000e+000 2.935045035413e-004 5.774592811673e-004 8.426042943695e-004 1.080251018480e-003 1.282548464368e-003 1.508409733457e-003 1.764379754403e-003 1.976705927929e-003 2.141010912726e-003 2.254029615972e-003 2.313680677030e-003 2.319104870183e-003 2.270669920916e-003 2.169942920527e-003 2.019633019555e-003 1.823508276051e-003 1.586291356685e-003 1.313539180942e-003 1.011511523668e-003 6.870330487860e-004 3.473523029347e-004 0.000000000000e+000
 0.000000000000e+000 3.703674460501e-004 7.287489152134e-004 1.063520357561e-003 1.363772298363e-003 1.619643642204e-003 1.903228992355e-003 2.222738295930e-003 2.487515600291e-003 2.692071988909e-003 2.832324496920e-003 2.905686770636e-003 2.911116221019e-003 2.849117115774e-003 2.721701435407e-003 2.532311377809e-003 2.285709019373e-003 1.987839755057e-003 1.645676671567e-003 1.267052879545e-003 8.604880020948e-004 4.350135484047e-004 0.000000000000e+000
 0.000000000000e+000 4.671867138177e-004 9.193313332724e-004 1.341842997932e-003 1.721022705795e-003 2.044482028881e-003 2.400549015071e-003 2.799516141831e-003 3.129820060550e-003 3.384571897028e-003 3.558663167166e-003 3.648881264898e-003 3.653967272858e-003 3.574615593506e-003 3.413418240512e-003 3.174759426037e-003 2.864668250778e-003 2.490638816028e-003 2.061427840813e-003 1.586839722291e-003 1.077507778768e-003 5.446781722422e-004 0.000000000000e+000
 0.000000000000e+000 5.891019856634e-004 1.159330818024e-003 1.692374204715e-003 2.171030096843e-003 2.579731643901e-003 3.026814050226e-003 3.525170705011e-003 3.937354189322e-003 4.254709268698e-003 4.470840080339e-003 4.581757905519e-003 4.585951796117e-003 4.484381894423e-003 4.280399928007e-003 3.979605052479e-003 3.589646030394e-003 3.119982777971e-003 2.581621489221e-003 1.986837526596e-003 1.348898653632e-003 6.817978256946e-004 0.000000000000e+000
 0.000000000000e+000 7.425679506515e-004 1.461464675778e-003 2.133712985989e-003 2.737712640587e-003 3.253898044454e-003 3.815283239359e-003 4.438003861951e-003 4.952532288518e-003 5.347979532284e-003 5.616331321030e-003 5.752637909545e-003 5.755099706496e-003 5.625049609753e-003 5.366839253833e-003 4.987640989454e-003 4.497180851484e-003 3.907420498468e-003 3.232208065175e-003 2.486918368182e-003 1.688100981858e-003 8.531497799417e-004 0.000000000000e+000
 0.000000000000e+000 9.356852855316e-004 1.841697829791e-003 2.689218162153e-003 3.451125313660e-003 4.102820133461e-003 4.807785788289e-003 5.586189711852e-003 6.228694661745e-003 6.721578946955e-003 7.054790443397e-003 7.222190929268e-003 7.221658271667e-003 7.055050067636e-003 6.728040564868e-003 6.249847847980e-003 5.632871961132e-003 4.892268185665e-003 4.045483177048e-003 3.111783658976e-003 2.111805663967e-003 1.067145299950e-003 0.000000000000e+000
 0.000000000000e+000 1.178611412441e-003 2.320056736545e-003 3.388208791234e-003 4.349018916610e-003 5.171546672204e-003 6.056930061622e-003 7.030333580396e-003 7.832946203308e-003 8.447442086697e-003 8.861198899434e-003 9.066611880286e-003 9.061211909048e-003 8.847597586273e-003 8.433201168692e-003 7.829912474605e-003 7.053587573738e-003 6.123473472004e-003 5.061586544091e-003 3.892088222584e-003 2.640701508229e-003 1.334202278775e-003 0.000000000000e+000
 0.000000000000e+000 1.484067475543e-003 2.921636790097e-003 4.267455977283e-003 5.478786257084e-003 6.516688748949e-003 7.628885378911e-003 8.846705914373e-003 9.849749019078e-003 1.061608575694e-002 1.112984786941e-002 1.138162808825e-002 1.136860747943e-002 1.109443416833e-002 1.056888746907e-002 9.807360918378e-003 8.830196244924e-003 7.661905224018e-003 6.330329087542e-003 4.865799755386e-003 3.300372919380e-003 1.667190715470e-003 0.000000000000e+000
 0.000000000000e+000 1.867958995727e-003 3.677840917642e-003 5.373028194988e-003 6.899885471262e-003 8.209366632518e-003 9.606888001010e-003 1.113133709898e-002 1.238547944775e-002 1.334148286413e-002 1.397937818194e-002 1.428755873905e-002 1.426289629253e-002 1.391052889169e-002 1.324338007721e-002 1.228145420027e-002 1.105093963793e-002 9.583155851837e-003 7.913405424253e-003 6.079826767806e-003 4.122364073218e-003 2.081957067822e-003 0.000000000000e+000
 0.000000000000e+000 2.350126273758e-003 4.627887232779e-003 6.762558574349e-003 8.686847098380e-003 1.033889826956e-002 1.209566638216e-002 1.400521715205e-002 1.557422540883e-002 1.676725668514e-002 1.755916925101e-002 1.793570857381e-002 1.789355959624e-002 1.743997831107e-002 1.659210745988e-002 1.537603217031e-002 1.382559077498e-002 1.198095577097e-002 9.887049893055e-003 7.591940864853e-003 5.145416123700e-003 2.597927034869e-003 0.000000000000e+000
 0.000000000000e+000 2.955233843674e-003 5.820615810093e-003 8.508002779168e-003 1.093298798798e-002 1.301741306856e-002 1.522704090815e-002 1.762092606859e-002 1.958519091890e-002 2.107457527266e-002 2.205744999956e-002 2.251645198844e-002 2.244835280787e-002 2.186341859859e-002 2.078444685052e-002 1.924554005643e-002 1.729057510240e-002 1.497131249548e-002 1.234518752647e-002 9.472999771964e-003 6.416862242874e-003 3.238772398445e-003 0.000000000000e+000
 0.000000000000e+000 3.713790249774e-003 7.316599680279e-003 1.069894190436e-002 1.375496811564e-002 1.638562195541e-002 1.916704057702e-002 2.217114122709e-002 2.463220421768e-002 2.649224556284e-002 2.771160751097e-002 2.826945221302e-002 2.816318546785e-002 2.740734093917e-002 2.603225041971e-002 2.408254150307e-002 2.161527758946e-002 1.869749910799e-002 1.540311007574e-002 1.180943484173e-002 7.994120677727e-003 4.033099673687e-003 0.000000000000e+000
 0.000000000000e+000 4.663248651767e-003 9.190504790640e-003 1.344643945460e-002 1.729832904885e-002 2.062003973454e-002 2.412501414030e-002 2.789965562296e-002 3.098601667500e-002 3.330966784565e-002 3.482129279471e-002 3.549655813072e-002 3.533454533518e-002 3.435580175831e-002 3.260056490952e-002 3.012712617565e-002 2.700982926535e-002 2.333602885558e-002 1.920165849038e-002 1.470588024666e-002 9.946138560405e-003 5.015064544312e-003 0.000000000000e+000
 0.000000000000e+000 5.849053193024e-003 1.153351205474e-002 1.688735093772e-002 2.174413084357e-002 2.594205284562e-002 3.036543906194e-002 3.511584904929e-002 3.899036998481e-002 4.189352604587e-002 4.376505942259e-002 4.457801204107e-002 4.433506375170e-002 4.306514003650e-002 4.082117331390e-002 3.767879052129e-002 3.373478717227e-002 2.910376723446e-002 2.391179286171e-002 1.828765128719e-002 1.235447183315e-002 6.224714748176e-003 0.000000000000e+000
 0.000000000000e+000 7.325324336742e-003 1.445534175168e-002 2.118873905656e-002 2.731672664101e-002 3.262938598654e-002 3.822354160060e-002 4.421409307088e-002 4.908326493978e-002 5.270936676699e-002 5.502139100468e-002 5.599264428844e-002 5.563287391503e-002 5.398245098460e-002 5.110983189531e-002 4.711167198874e-002 4.211335215195e-002 3.626635961651e-002 2.973923026556e-002 2.270244957223e-002 1.531337088704e-002 7.707677083886e-003 0.000000000000e+000
 0.000000000000e+000 9.154544191586e-003 1.808487211079e-002 2.655152090211e-002 3.429250965373e-002 4.103081429521e-002 4.812664882226e-002 5.570056688626e-002 6.182559472456e-002 6.634954723144e-002 6.919500127704e-002 7.034263689342e-002 6.981536496725e-002 6.766869746055e-002 6.398846256181e-002 5.889458684482e-002 5.254724826364e-002 4.514821551478e-002 3.692842626917e-002 2.812003081017e-002 1.892765345845e-002 9.513467944876e-003 0.000000000000e+000
 0.000000000000e+000 1.140498712158e-002 2.256727004437e-002 3.321135445165e-002 4.300895537437e-002 5.158554781123e-002 6.062491791129e-002 7.023189884110e-002 7.794046593069e-002 8.356931539907e-002 8.704904897164e-002 8.838303881636e-002 8.761764564631e-002 8.482739769811e-002 8.011417199536e-002 7.361844956127e-002 6.553845557479e-002 5.614444316999e-002 4.576432513988e-002 3.472730687008e-002 2.330607130420e-002 1.169112714494e-002 0.000000000000e+000
 0.000000000000e+000 1.414357083368e-002 2.805351663895e-002 4.143238350410e-002 5.387196705387e-002 6.484991455817e-002 7.643909877758e-002 8.867397347478e-002 9.836825434222e-002 1.053326804060e-001 1.095430248674e-001 1.110552305491e-001 1.099552573688e-001 1.063396040044e-001 1.003178601471e-001 9.203594626442e-002 8.172153063439e-002 6.973546258863e-002 5.656839267359e-002 4.271382901293e-002 2.854597805646e-002 1.427995090884e-002 0.000000000000e+000
 0.000000000000e+000 1.742015078170e-002 3.467455695222e-002 5.148432534405e-002 6.735594546379e-002 8.153644910542e-002 9.654326423053e-002 1.121973847773e-001 1.243444070706e-001 1.328681856744e-001 1.378738356573e-001 1.395216259333e-001 1.379590569365e-001 1.333048104753e-001 1.256560891774e-001 1.151230169274e-001 1.019177951541e-001 8.650558850930e-002 6.968078736067e-002 5.223750212819e-002 3.470197843937e-002 1.729185662989e-002 0.000000000000e+000
 0.000000000000e+000 2.123735891101e-002 4.248643534201e-002 6.358236382758e-002 8.398054774239e-002 1.025752001282e-001 1.223299467314e-001 1.424426448490e-001 1.575065981788e-001 1.677288429558e-001 1.735129545993e-001 1.751960425660e-001 1.730074242280e-001 1.670840256252e-001 1.574790469963e-001 1.441808146941e-001 1.272412577494e-001 1.071669218339e-001 8.540820417509e-002 6.335015568919e-002 4.172688000354e-002 2.068095439726e-002 0.000000000000e+000
 0.000000000000e+000 2.549987983125e-002 5.136577446142e-002 7.774644637859e-002 1.042159522190e-001 1.292128945512e-001 1.560011407062e-001 1.818180065676e-001 2.000234766288e-001 2.118335063901e-001 2.182247002672e-001 2.197619934546e-001 2.167476900571e-001 2.093322181063e-001 1.975074478636e-001 1.810110971058e-001 1.593452964059e-001 1.325832514075e-001 1.038821217658e-001 7.584318522603e-002 4.937001647696e-002 2.429764475684e-002 0.000000000000e+000
 0.000000000000e+000 2.994514618480e-002 6.083573343718e-002 9.349480712502e-002 1.281666590135e-001 1.631512937835e-001 2.016824967269e-001 2.340143287436e-001 2.546669946922e-001 2.674265934733e-001 2.740430589237e-001 2.751763007246e-001 2.710995165064e-001 2.619876281481e-001 2.478665377101e-001 2.281972740358e-001 2.011112416958e-001 1.637375248995e-001 1.246703425889e-001 8.894355394152e-002 5.702693689618e-002 2.783579965674e-002 0.000000000000e+000
 0.000000000000e+000 3.408939432621e-002 6.984639768465e-002 1.092424082532e-001 1.545627435936e-001 2.065371248788e-001 2.692119842878e-001 3.045949437199e-001 3.245004599183e-001 3.368252899861e-001 3.431966964864e-001 3.436851596324e-001 3.382541621114e-001 3.271588756901e-001 3.108758297881e-001 2.893386724288e-001 2.589272380890e-001 2.012767751529e-001 1.456903033497e-001 1.007822180844e-001 6.359234941667e-002 3.081618593220e-002 0.000000000000e+000
 0.000000000000e+000 3.729964096888e-002 7.672115691964e-002 1.214165933085e-001 1.776309895535e-001 2.603032201661e-001 3.890620666985e-001 3.993804491366e-001 4.112124039363e-001 4.218283415634e-001 4.280667664742e-001 4.279609640330e-001 4.207649690625e-001 4.068918459864e-001 3.880466444546e-001 3.676446626630e-001 3.514012102652e-001 2.424826713685e-001 1.602062883998e-001 1.077903415607e-001 6.756614501807e-002 3.271955952850e-002 0.000000000000e+000
 0.000000000000e+000 3.919070502568e-002 7.997304349268e-002 1.246847170148e-001 1.780640396728e-001 2.523253122072e-001 2.861379168313e-001 2.733682719911e-001 2.770775116881e-001 2.838014704668e-001 2.882858185876e-001 2.883124433334e-001 2.831133192120e-001 2.729314304854e-001 2.591550989711e-001 2.452527218536e-001 2.400066760138e-001 2.074125956464e-001 1.494521693431e-001 1.056951918630e-001 6.809827753849e-002 3.343340870237e-002 0.000000000000e+000
 0.000000000000e+000 4.033352394469e-002 8.101662374521e-002 1.219684204755e-001 1.614470977292e-001 1.914162648311e-001 1.313496889895e-001 1.353114295591e-001 1.443940770630e-001 1.525317760710e-001 1.575128666619e-001 1.584267514450e-001 1.549125550128e-001 1.469166648750e-001 1.346073606130e-001 1.183487421676e-001 9.871629058517e-002 1.396114697722e-001 1.287767996568e-001 1.004684245767e-001 6.764955954048e-002 3.387375293971e-002 0.000000000000e+000
 0.000000000000e+000 4.199474890085e-002 8.353499376500e-002 1.233500173012e-001 1.578140253240e-001 1.773435293795e-001 1.877116530333e-001 2.168790739171e-001 2.401172074440e-001 2.571693014800e-001 2.671040787454e-001 2.692419376893e-001 2.632405245291e-001 2.490442236137e-001 2.267957433896e-001 1.966598747785e-001 1.583460175711e-001 1.416562109140e-001 1.292649293447e-001 1.026308321670e-001 7.009612112484e-002 3.538261573514e-002 0.000000000000e+000
 0.000000000000e+000 4.501420953132e-002 8.957626741087e-002 1.327371356455e-001 1.725116321525e-001 2.057381547226e-001 2.476689090488e-001 2.947879425300e-001 3.314109735550e-001 3.575548794610e-001 3.726837358126e-001 3.762934095407e-001 3.681257133311e-001 3.482139011322e-001 3.168450428443e-001 2.744548086905e-001 2.214556595471e-001 1.768759566687e-001 1.476996552513e-001 1.136344972139e-001 7.672991550629e-002 3.857439398744e-002 0.000000000000e+000
 0.000000000000e+000 4.945453257768e-002 9.894642187638e-002 1.483671435465e-001 1.974696823079e-001 2.464138019861e-001 3.087221992277e-001 3.701604571636e-001 4.185324312933e-001 4.531482708034e-001 4.733065037849e-001 4.784865986111e-001 4.684804531994e-001 4.434463462748e-001 4.039082336735e-001 3.507252139323e-001 2.850769307908e-001 2.212458704431e-001 1.752552218281e-001 1.307335135022e-001 8.681316382581e-002 4.329030267136e-002 0.000000000000e+000
 0.000000000000e+000 5.492176590983e-002 1.105170819049e-001 1.675082116829e-001 2.268357209342e-001 2.901004315028e-001 3.685215916832e-001 4.422347361636e-001 5.009070150895e-001 5.431659195061e-001 5.679828802058e-001 5.747124900599e-001 5.631519809932e-001 5.335783628177e-001 4.867598480179e-001 4.239555808318e-001 3.469332317910e-001 2.672864841648e-001 2.063633717085e-001 1.509770305546e-001 9.898634936609e-002 4.901403403708e-002 0.000000000000e+000
 0.000000000000e+000 6.089737162912e-002 1.230702679673e-001 1.879176955746e-001 2.571460880278e-001 3.330523232844e-001 4.252494772020e-001 5.097990108267e-001 5.775502455416e-001 6.266125492312e-001 6.556365053404e-001 6.638208872339e-001 6.509400862372e-001 6.173661720652e-001 5.640779226653e-001 4.926612676031e-001 4.053125234835e-001 3.118751673684e-001 2.378476042886e-001 1.721507771242e-001 1.119773886102e-001 5.518386525134e-002 0.000000000000e+000
 0.000000000000e+000 6.690797080723e-002 1.355974085289e-001 2.079902241980e-001 2.863124245522e-001 3.732838072482e-001 4.774895614821e-001 5.716237480058e-001 6.473493387569e-001 7.023954501949e-001 7.351445007622e-001 7.446474379129e-001 7.306437259356e-001 6.935750156794e-001 6.345869361215e-001 5.555188539629e-001 4.588835756444e-001 3.532984176306e-001 2.678160611238e-001 1.927336581209e-001 1.247970097451e-001 6.132520140942e-002 0.000000000000e+000
 0.000000000000e+000 7.257696999731e-002 1.473392423611e-001 2.266093407482e-001 3.129910537545e-001 4.095162381070e-001 5.241062986186e-001 6.265860187586e-001 7.092090768489e-001 7.694230298080e-001 8.053984161276e-001 8.160603264393e-001 8.011111463593e-001 7.610407912459e-001 6.971213341027e-001 6.113845597121e-001 5.065812465203e-001 3.904284439176e-001 2.950581998280e-001 2.116931113078e-001 1.367275537885e-001 6.707705914508e-002 0.000000000000e+000
 0.000000000000e+000 7.762253123652e-002 1.577440069495e-001 2.429935007369e-001 3.362618136792e-001 4.408315154986e-001 5.641748473357e-001 6.737040481117e-001 7.621243124665e-001 8.266735542266e-001 8.653597405039e-001 8.770068832081e-001 8.612832118376e-001 8.187106195619e-001 7.506538318730e-001 6.592879460498e-001 5.475428464699e-001 4.224486550077e-001 3.187493773443e-001 2.283185985698e-001 1.472606394072e-001 7.217741575633e-002 0.000000000000e+000
 0.000000000000e+000 8.183959345037e-002 1.664154219269e-001 2.565880885624e-001 3.554675761209e-001 4.665381277442e-001 5.969441287372e-001 7.121470572839e-001 8.052176197288e-001 8.732405090450e-001 9.141031957498e-001 9.265524298026e-001 9.102275058286e-001 8.656700536475e-001 7.943095782721e-001 6.984239147286e-001 5.810737548147e-001 4.487447630602e-001 3.383050649733e-001 2.421131952845e-001 1.560383946044e-001 7.644003749432e-002 0.000000000000e+000
 0.000000000000e+000 8.508161773403e-002 1.730712770176e-001 2.669976594887e-001 3.701319760225e-001 4.861121600543e-001 6.218180411532e-001 7.412389390150e-001 8.377605259971e-001 9.083623508359e-001 9.508482789179e-001 9.639099382840e-001 9.471638446756e-001 9.011618795098e-001 8.273746751444e-001 7.281475761956e-001 6.066291045825e-001 4.688553563198e-001 3.533062551512e-001 2.527279035752e-001 1.628106171224e-001 7.973454797498e-002 0.000000000000e+000
 0.000000000000e+000 8.724656628500e-002 1.775149219302e-001 2.739451154934e-001 3.799157894572e-001 4.991688702513e-001 6.383461397609e-001 7.604605075551e-001 8.591864225217e-001 9.314420631520e-001 9.749813331815e-001 9.884614558403e-001 9.714826435664e-001 9.245992458405e-001 8.493020454811e-001 7.479717457027e-001 6.238041917865e-001 4.824474323645e-001 3.634598502837e-001 2.599228666713e-001 1.674065752337e-001 8.197214204215e-002 0.000000000000e+000
 0.000000000000e+000 8.826728122475e-002 1.796168696637e-001 2.772474202592e-001 3.845930258392e-001 5.054480802304e-001 6.462189932859e-001 7.694511335544e-001 8.690985984917e-001 9.420597828629e-001 9.860703327542e-001 9.997727600369e-001 9.827575003224e-001 9.355745674801e-001 8.597155013279e-001 7.575658928841e-001 6.323294483571e-001 4.893035800929e-001 3.685769287321e-001 2.635446121597e-001 1.697173142994e-001 8.309616268106e-002 0.000000000000e+000
 0.000000000000e+000 8.810521059761e-002 1.793032301271e-001 2.768010651661e-001 3.840372978315e-001 5.048060959914e-001 6.452655458921e-001 7.680095706054e-001 8.672748501840e-001 9.399803723298e-001 9.838740164224e-001 9.976025385640e-001 9.807530495590e-001 9.338649642707e-001 8.584121143935e-001 7.567554495493e-001 6.320675363143e-001 4.893148248365e-001 3.685603719484e-001 2.635125860484e-001 1.696847550828e-001 8.307611825492e-002 0.000000000000e+000
 0.000000000000e+000 8.674636490805e-002 1.765484004100e-001 2.725731019613e-001 3.782135294226e-001 4.972106097518e-001 6.354509551452e-001 7.560936189407e-001 8.536692810266e-001 9.251570043240e-001 9.683464810454e-001 9.819070594535e-001 9.654288297147e-001 9.194346477817e-001 8.453627791235e-001 7.455206571051e-001 6.230110886845e-001 4.824761136055e-001 3.633973733378e-001 2.598109344826e-001 1.672949167806e-001 8.190390480249e-002 0.000000000000e+000
 0.000000000000e+000 8.419863998468e-002 1.713702457326e-001 2.645952161253e-001 3.671723050994e-001 4.827367192054e-001 6.168740161504e-001 7.338183305262e-001 8.284115645027e-001 8.977313774804e-001 9.396379638153e-001 9.528410052035e-001 9.369396691006e-001 8.924344937456e-001 8.207108353509e-001 7.239943954094e-001 6.052801958646e-001 4.688827937138e-001 3.531543649700e-001 2.524831291789e-001 1.625735126464e-001 7.959134671897e-002 0.000000000000e+000
 0.000000000000e+000 8.048991333620e-002 1.638266330384e-001 2.529593300022e-001 3.510453442300e-001 4.615630386525e-001 5.897636556801e-001 7.014525580414e-001 7.918038077485e-001 8.580309385002e-001 8.980922936328e-001 9.107549338721e-001 8.956329394488e-001 8.531989552736e-001 7.847686554237e-001 6.924586377373e-001 5.791190908376e-001 4.487271510896e-001 3.379729661428e-001 2.416280111142e-001 1.555828171381e-001 7.616847109290e-002 0.000000000000e+000
 0.000000000000e+000 7.566653215250e-002 1.540126103318e-001 2.378138393541e-001 3.300412377712e-001 4.339673313799e-001 5.544742085054e-001 6.594137405524e-001 7.443151105124e-001 8.065633633402e-001 8.442413437286e-001 8.561896966493e-001 8.420429311593e-001 8.022404390743e-001 7.380121527651e-001 6.513393261702e-001 5.448917142565e-001 4.222944748537e-001 3.180661528384e-001 2.273964107778e-001 1.464191310953e-001 7.168214778056e-002 0.000000000000e+000
 0.000000000000e+000 6.979195707663e-002 1.420578051780e-001 2.193599594172e-001 3.044409600342e-001 4.003213545457e-001 5.114793338670e-001 6.082608924531e-001 6.865739110760e-001 7.440084921694e-001 7.787967372570e-001 7.898680659756e-001 7.768825556196e-001 7.402412619267e-001 6.810732201499e-001 6.011995710996e-001 5.030759911818e-001 3.899583529076e-001 2.937141923999e-001 2.099878540195e-001 1.352104423460e-001 6.619487122360e-002 0.000000000000e+000
 0.000000000000e+000 6.294542160577e-002 1.281237935540e-001 1.978478836730e-001 2.745928915095e-001 3.610847663407e-001 4.613645270385e-001 5.486858211184e-001 6.193582254648e-001 6.712078930416e-001 7.026390206621e-001 7.126837926481e-001 7.010325614762e-001 6.680433153569e-001 6.147301525725e-001 5.427311594810e-001 4.542567542187e-001 3.521750514714e-001 2.652600948637e-001 1.896470755183e-001 1.221140482594e-001 5.978355213475e-002 0.000000000000e+000
 0.000000000000e+000 5.522052822214e-002 1.124013019569e-001 1.735725985342e-001 2.409072253633e-001 3.167980453609e-001 4.048182483604e-001 4.815026460642e-001 5.435839085578e-001 5.891522304335e-001 6.168045094102e-001 6.256883002630e-001 6.155284523585e-001 5.866355856493e-001 5.398961509089e-001 4.767444177574e-001 3.991173203533e-001 3.094769273065e-001 2.331044602743e-001 1.666601930290e-001 1.073140120755e-001 5.253824524861e-002 0.000000000000e+000
 0.000000000000e+000 4.672374119628e-002 9.510717595782e-002 1.468692846474e-001 2.038497161637e-001 2.680744380389e-001 3.426217409571e-001 4.076357311384e-001 4.602910905882e-001 4.989666273101e-001 5.224700161109e-001 5.300752306551e-001 5.215453054106e-001 4.971396995590e-001 4.576060390082e-001 4.041565229511e-001 3.384297815210e-001 2.624648855025e-001 1.976996825029e-001 1.413504776329e-001 9.101839079346e-002 4.456077585594e-002 0.000000000000e+000
 0.000000000000e+000 3.757276067962e-002 7.648109296868e-002 1.181082911714e-001 1.639347850267e-001 2.155909950463e-001 2.756376450361e-001 3.281061734195e-001 3.706289674099e-001 4.018942273597e-001 4.209356849227e-001 4.271630677925e-001 4.203807076988e-001 4.007936905418e-001 3.690013588173e-001 3.259783932083e-001 2.730441084091e-001 2.117999401064e-001 1.595435230943e-001 1.140737075990e-001 7.345621417822e-002 3.596325094880e-002 0.000000000000e+000
 0.000000000000e+000 2.789477851592e-002 5.678202563926e-002 8.768970552236e-002 1.217180324172e-001 1.600787894827e-001 2.047975450145e-001 2.440170193665e-001 2.758391463416e-001 2.992781838978e-001 3.136061738044e-001 3.183760852893e-001 3.134360475587e-001 2.989342041108e-001 2.753140359498e-001 2.433003195145e-001 2.038761972086e-001 1.581939665394e-001 1.191721042207e-001 8.521312759582e-002 5.487422133500e-002 2.686645560027e-002 0.000000000000e+000
 0.000000000000e+000 1.782462646139e-002 3.628448101739e-002 5.603756501593e-002 7.778823514691e-002 1.023124328552e-001 1.310886079405e-001 1.565374011352e-001 1.772377704908e-001 1.925423214072e-001 2.019704446159e-001 2.052238812586e-001 2.021964177995e-001 1.929773828058e-001 1.778488318964e-001 1.572765249053e-001 1.318950124534e-001 1.023997578306e-001 7.715239424675e-002 5.517405772008e-002 3.553337890344e-002 1.739814481580e-002 0.000000000000e+000
 0.000000000000e+000 7.502834243700e-003 1.527455299466e-002 2.359377296948e-002 3.275892171688e-002 4.309902193393e-002 5.553948908123e-002 6.688580426807e-002 7.619666261851e-002 8.317073331157e-002 8.758043834196e-002 8.927978165583e-002 8.820940581655e-002 8.439869036204e-002 7.796481889204e-002 6.910885716764e-002 5.810899721956e-002 4.520051369389e-002 3.407427647092e-002 2.437821217405e-002 1.570521661607e-002 7.691247421806e-003 0.000000000000e+000
 0.000000000000e+000 -2.926380659120e-003 -5.954166183319e-003 -9.188207247659e-003 -1.274036756690e-002 -1.673333794042e-002 -2.079430612893e-002 -2.368730759211e-002 -2.587625557208e-002 -2.731340559301e-002 -2.797107247788e-002 -2.784159176456e-002 -2.693693899948e-002 -2.528804960891e-002 -2.294387071178e-002 -1.997016369662e-002 -1.644806431057e-002 -1.260109612929e-002 -9.457696484692e-003 -6.742202138601e-003 -4.331976223497e-003 -2.117997253183e-003 0.000000000000e+000
 0.000000000000e+000 -1.331716673207e-002 -2.710476413548e-002 -4.184979944535e-002 -5.807302091450e-002 -7.634727873391e-002 -9.684540491928e-002 -1.139172746244e-001 -1.275570016429e-001 -1.373695222177e-001 -1.430731505145e-001 -1.445072811016e-001 -1.416366583341e-001 -1.345521131573e-001 -1.234677569160e-001 -1.087147107971e-001 -9.073153703263e-002 -7.019414415533e-002 -5.283275205038e-002 -3.775052986531e-002 -2.429704464418e-002 -1.189194640952e-002 0.000000000000e+000
 0.000000000000e+000 -2.352410903357e-002 -4.788122170102e-002 -7.393381779309e-002 -1.026043757402e-001 -1.349080248075e-001 -1.715496896889e-001 -2.025431860704e-001 -2.274257536630e-001 -2.454615263646e-001 -2.561195683255e-001 -2.590891640080e-001 -2.542886483973e-001 -2.418675385807e-001 -2.222019149815e-001 -1.958831887606e-001 -1.637005766329e-001 -1.267707774567e-001 -9.544243516328e-002 -6.821177271461e-002 -4.390990038717e-002 -2.149347931960e-002 0.000000000000e+000
 0.000000000000e+000 -3.340428912748e-002 -6.799260502478e-002 -1.049909382159e-001 -1.457106969514e-001 -1.915951945042e-001 -2.438613521193e-001 -2.883257421788e-001 -3.240869765778e-001 -3.500795891133e-001 -3.655315761409e-001 -3.699870183097e-001 -3.633193200053e-001 -3.457346931838e-001 -3.177657937087e-001 -2.802557020490e-001 -2.343327186015e-001 -1.815375116945e-001 -1.366891155208e-001 -9.769867234833e-002 -6.289543914129e-002 -3.078791526150e-002 0.000000000000e+000
 0.000000000000e+000 -4.281930644547e-002 -8.715717942940e-002 -1.345860496884e-001 -1.867879896477e-001 -2.456143854514e-001 -3.127676710380e-001 -3.700647865995e-001 -4.161891763422e-001 -4.497615182224e-001 -4.697802487742e-001 -4.756511612478e-001 -4.672048422936e-001 -4.447014459213e-001 -4.088226744157e-001 -3.606512102696e-001 -3.016382105085e-001 -2.337263285726e-001 -1.759943459710e-001 -1.257976862426e-001 -8.098738851777e-002 -3.964489742906e-002 0.000000000000e+000
 0.000000000000e+000 -5.163723343211e-002 -1.051063886929e-001 -1.623043981245e-001 -2.252605246807e-001 -2.962083832533e-001 -3.773033094795e-001 -4.466162669240e-001 -5.024440089718e-001 -5.431134353127e-001 -5.674081028991e-001 -5.746043503387e-001 -5.644926622251e-001 -5.373836524908e-001 -4.940985003561e-001 -4.359441314220e-001 -3.646738867635e-001 -2.826054208409e-001 -2.128069549940e-001 -1.521147730983e-001 -9.793203319772e-002 -4.794021664250e-002 0.000000000000e+000
 0.000000000000e+000 -5.973447756054e-002 -1.215886448865e-001 -1.877574380218e-001 -2.605889590841e-001 -3.426678381034e-001 -4.365639326773e-001 -5.169083885266e-001 -5.816444800947e-001 -6.288294687505e-001 -6.570496855175e-001 -6.654626425642e-001 -6.538220015951e-001 -6.224846685050e-001 -5.723998146323e-001 -5.050801613805e-001 -4.225563912928e-001 -3.274894337549e-001 -2.466107596962e-001 -1.762809067617e-001 -1.134917651611e-001 -5.555754938768e-002 0.000000000000e+000
 0.000000000000e+000 -6.699752448255e-002 -1.363728763467e-001 -2.105883108092e-001 -2.922779387306e-001 -3.843412609928e-001 -4.897189578730e-001 -5.799567376981e-001 -6.526819827929e-001 -7.057101893665e-001 -7.374508482797e-001 -7.469549226339e-001 -7.339430470235e-001 -6.988136195070e-001 -6.426305567587e-001 -5.670910886170e-001 -4.744745625908e-001 -3.677490588960e-001 -2.769317909227e-001 -1.979572412585e-001 -1.274484092190e-001 -6.239008583297e-002 0.000000000000e+000
 0.000000000000e+000 -7.332453815441e-002 -1.492517845796e-001 -2.304768738607e-001 -3.198830775804e-001 -4.206442004730e-001 -5.360232586920e-001 -6.348781641036e-001 -7.145619373358e-001 -7.726795332596e-001 -8.074864402140e-001 -8.179408291984e-001 -8.037345662646e-001 -7.653021735989e-001 -7.038074836966e-001 -6.211083970512e-001 -5.197008072930e-001 -4.028198453292e-001 -3.033449288755e-001 -2.168398543596e-001 -1.396062771489e-001 -6.834202497180e-002 0.000000000000e+000
 0.000000000000e+000 -7.862679572046e-002 -1.600447648559e-001 -2.471442102717e-001 -3.430172164402e-001 -4.510674722220e-001 -5.748276612308e-001 -6.809032296397e-001 -7.664178155870e-001 -8.287999766844e-001 -8.661761731239e-001 -8.774268298986e-001 -8.622197058094e-001 -8.210195830921e-001 -7.550740002016e-001 -6.663754667443e-001 -5.576013025726e-001 -4.322101040744e-001 -3.254798558799e-001 -2.326640029726e-001 -1.497949075012e-001 -7.332991588107e-002 0.000000000000e+000
 0.000000000000e+000 -8.282993720530e-002 -1.686004498798e-001 -2.603565566494e-001 -3.613558740951e-001 -4.751843267653e-001 -6.055880857157e-001 -7.173870505561e-001 -8.075233551474e-001 -8.732857521234e-001 -9.126984391143e-001 -9.245802216817e-001 -9.085797498856e-001 -8.651857855483e-001 -7.957122054026e-001 -7.022582016999e-001 -5.876448840890e-001 -4.555077946314e-001 -3.430262425319e-001 -2.452078304929e-001 -1.578714525466e-001 -7.728382623591e-002 0.000000000000e+000
 0.000000000000e+000 -8.587501262396e-002 -1.747988411239e-001 -2.699285942249e-001 -3.746418148732e-001 -4.926564554502e-001 -6.278732063825e-001 -7.438183819600e-001 -8.373027933469e-001 -9.055139217454e-001 -9.464018880480e-001 -9.587408615476e-001 -9.421656492206e-001 -8.971823815295e-001 -8.251529873598e-001 -7.282539359963e-001 -6.094104946647e-001 -4.723862966258e-001 -3.557380942392e-001 -2.542954739531e-001 -1.637226787840e-001 -8.014832164382e-002 0.000000000000e+000
 0.000000000000e+000 -8.771931192927e-002 -1.785529981466e-001 -2.757260574333e-001 -3.826886689843e-001 -5.032387509275e-001 -6.413705228270e-001 -7.598268182234e-001 -8.553389786687e-001 -9.250331541708e-001 -9.668146038086e-001 -9.794304643919e-001 -9.625071589223e-001 -9.165613359138e-001 -8.429840245620e-001 -7.439984935489e-001 -6.225930890711e-001 -4.826089853414e-001 -3.634371969867e-001 -2.597995272437e-001 -1.672665528592e-001 -8.188324201955e-002 0.000000000000e+000
 0.000000000000e+000 -8.833696623401e-002 -1.798102623539e-001 -2.776676236068e-001 -3.853835551546e-001 -5.067827557427e-001 -6.458907581868e-001 -7.651880090051e-001 -8.613792466837e-001 -9.315700823701e-001 -9.736507516146e-001 -9.863593384344e-001 -9.693194580992e-001 -9.230512813569e-001 -8.489555825387e-001 -7.492713026351e-001 -6.270079119913e-001 -4.860325467438e-001 -3.660156138302e-001 -2.616428257436e-001 -1.684533905804e-001 -8.246426407657e-002 0.000000000000e+000
 0.000000000000e+000 -8.771931192928e-002 -1.785529981466e-001 -2.757260574333e-001 -3.826886689843e-001 -5.032387509275e-001 -6.413705228271e-001 -7.598268182234e-001 -8.553389786688e-001 -9.250331541708e-001 -9.668146038087e-001 -9.794304643919e-001 -9.625071589223e-001 -9.165613359139e-001 -8.429840245621e-001 -7.439984935490e-001 -6.225930890711e-001 -4.826089853414e-001 -3.634371969867e-001 -2.597995272437e-001 -1.672665528592e-001 -8.188324201955e-002 0.000000000000e+000
 0.000000000000e+000 -8.587501262397e-002 -1.747988411239e-001 -2.699285942249e-001 -3.746418148733e-001 -4.926564554502e-001 -6.278732063826e-001 -7.438183819601e-001 -8.373027933470e-001 -9.055139217456e-001 -9.464018880481e-001 -9.587408615477e-001 -9.421656492207e-001 -8.971823815296e-001 -8.251529873600e-001 -7.282539359964e-001 -6.094104946648e-001 -4.723862966259e-001 -3.557380942392e-001 -2.542954739531e-001 -1.637226787840e-001 -8.014832164383e-002 0.000000000000e+000
 0.000000000000e+000 -8.282993720531e-002 -1.686004498799e-001 -2.603565566495e-001 -3.613558740952e-001 -4.751843267654e-001 -6.055880857158e-001 -7.173870505562e-001 -8.075233551476e-001 -8.732857521236e-001 -9.126984391145e-001 -9.245802216819e-001 -9.085797498858e-001 -8.651857855485e-001 -7.957122054028e-001 -7.022582017001e-001 -5.876448840892e-001 -4.555077946315e-001 -3.430262425319e-001 -2.452078304929e-001 -1.578714525466e-001 -7.728382623593e-002 0.000000000000e+000
 0.000000000000e+000 -7.862679572049e-002 -1.600447648560e-001 -2.471442102718e-001 -3.430172164403e-001 -4.510674722221e-001 -5.748276612310e-001 -6.809032296399e-001 -7.664178155872e-001 -8.287999766846e-001 -8.661761731241e-001 -8.774268298988e-001 -8.622197058097e-001 -8.210195830923e-001 -7.550740002018e-001 -6.663754667445e-001 -5.576013025727e-001 -4.322101040745e-001 -3.254798558800e-001 -2.326640029726e-001 -1.497949075012e-001 -7.332991588109e-002 0.000000000000e+000
 0.000000000000e+000 -7.332453815444e-002 -1.492517845796e-001 -2.304768738608e-001 -3.198830775805e-001 -4.206442004732e-001 -5.360232586922e-001 -6.348781641038e-001 -7.145619373360e-001 -7.726795332599e-001 -8.074864402143e-001 -8.179408291987e-001 -8.037345662649e-001 -7.653021735992e-001 -7.038074836969e-001 -6.211083970515e-001 -5.197008072932e-001 -4.028198453293e-001 -3.033449288756e-001 -2.168398543597e-001 -1.396062771490e-001 -6.834202497182e-002 0.000000000000e+000
 0.000000000000e+000 -6.699752448259e-002 -1.363728763468e-001 -2.105883108093e-001 -2.922779387307e-001 -3.843412609929e-001 -4.897189578732e-001 -5.799567376984e-001 -6.526819827932e-001 -7.057101893669e-001 -7.374508482801e-001 -7.469549226342e-001 -7.339430470239e-001 -6.988136195073e-001 -6.426305567590e-001 -5.670910886173e-001 -4.744745625910e-001 -3.677490588962e-001 -2.769317909228e-001 -1.979572412586e-001 -1.274484092191e-001 -6.239008583300e-002 0.000000000000e+000
 0.000000000000e+000 -5.973447756058e-002 -1.215886448866e-001 -1.877574380219e-001 -2.605889590843e-001 -3.426678381037e-001 -4.365639326776e-001 -5.169083885270e-001 -5.816444800950e-001 -6.288294687509e-001 -6.570496855179e-001 -6.654626425646e-001 -6.538220015955e-001 -6.224846685054e-001 -5.723998146327e-001 -5.050801613808e-001 -4.225563912930e-001 -3.274894337551e-001 -2.466107596964e-001 -1.762809067619e-001 -1.134917651611e-001 -5.555754938771e-002 0.000000000000e+000
 0.000000000000e+000 -5.163723343215e-002 -1.051063886930e-001 -1.623043981247e-001 -2.252605246808e-001 -2.962083832535e-001 -3.773033094798e-001 -4.466162669244e-001 -5.024440089722e-001 -5.431134353132e-001 -5.674081028996e-001 -5.746043503392e-001 -5.644926622255e-001 -5.373836524912e-001 -4.940985003565e-001 -4.359441314224e-001 -3.646738867638e-001 -2.826054208411e-001 -2.128069549942e-001 -1.521147730985e-001 -9.793203319780e-002 -4.794021664253e-002 0.000000000000e+000
 0.000000000000e+000 -4.281930644552e-002 -8.715717942949e-002 -1.345860496886e-001 -1.867879896479e-001 -2.456143854517e-001 -3.127676710384e-001 -3.700647865999e-001 -4.161891763426e-001 -4.497615182228e-001 -4.697802487747e-001 -4.756511612484e-001 -4.672048422941e-001 -4.447014459218e-001 -4.088226744162e-001 -3.606512102700e-001 -3.016382105088e-001 -2.337263285728e-001 -1.759943459712e-001 -1.257976862427e-001 -8.098738851785e-002 -3.964489742910e-002 0.000000000000e+000
 0.000000000000e+000 -3.340428912753e-002 -6.799260502487e-002 -1.049909382161e-001 -1.457106969516e-001 -1.915951945044e-001 -2.438613521197e-001 -2.883257421792e-001 -3.240869765782e-001 -3.500795891138e-001 -3.655315761414e-001 -3.699870183102e-001 -3.633193200058e-001 -3.457346931843e-001 -3.177657937091e-001 -2.802557020494e-001 -2.343327186019e-001 -1.815375116947e-001 -1.366891155210e-001 -9.769867234847e-002 -6.289543914138e-002 -3.078791526154e-002 0.000000000000e+000
 0.000000000000e+000 -2.352410903362e-002 -4.788122170111e-002 -7.393381779324e-002 -1.026043757404e-001 -1.349080248078e-001 -1.715496896893e-001 -2.025431860708e-001 -2.274257536635e-001 -2.454615263651e-001 -2.561195683260e-001 -2.590891640086e-001 -2.542886483978e-001 -2.418675385812e-001 -2.222019149820e-001 -1.958831887611e-001 -1.637005766332e-001 -1.267707774570e-001 -9.544243516348e-002 -6.821177271476e-002 -4.390990038726e-002 -2.149347931964e-002 0.000000000000e+000
 0.000000000000e+000 -1.331716673212e-002 -2.710476413558e-002 -4.184979944551e-002 -5.807302091472e-002 -7.634727873419e-002 -9.684540491964e-002 -1.139172746249e-001 -1.275570016434e-001 -1.373695222182e-001 -1.430731505150e-001 -1.445072811022e-001 -1.416366583346e-001 -1.345521131578e-001 -1.234677569165e-001 -1.087147107975e-001 -9.073153703299e-002 -7.019414415561e-002 -5.283275205059e-002 -3.775052986546e-002 -2.429704464427e-002 -1.189194640957e-002 0.000000000000e+000
 0.000000000000e+000 -2.926380659168e-003 -5.954166183417e-003 -9.188207247811e-003 -1.274036756711e-002 -1.673333794071e-002 -2.079430612929e-002 -2.368730759255e-002 -2.587625557257e-002 -2.731340559355e-002 -2.797107247845e-002 -2.784159176514e-002 -2.693693900004e-002 -2.528804960945e-002 -2.294387071227e-002 -1.997016369706e-002 -1.644806431093e-002 -1.260109612957e-002 -9.457696484898e-003 -6.742202138746e-003 -4.331976223590e-003 -2.117997253228e-003 0.000000000000e+000
 0.000000000000e+000 7.502834243654e-003 1.527455299457e-002 2.359377296933e-002 3.275892171668e-002 4.309902193365e-002 5.553948908088e-002 6.688580426763e-002 7.619666261801e-002 8.317073331103e-002 8.758043834140e-002 8.927978165526e-002 8.820940581599e-002 8.439869036150e-002 7.796481889155e-002 6.910885716721e-002 5.810899721920e-002 4.520051369362e-002 3.407427647072e-002 2.437821217391e-002 1.570521661598e-002 7.691247421762e-003 0.000000000000e+000
 0.000000000000e+000 1.782462646135e-002 3.628448101731e-002 5.603756501579e-002 7.778823514671e-002 1.023124328549e-001 1.310886079401e-001 1.565374011348e-001 1.772377704903e-001 1.925423214066e-001 2.019704446153e-001 2.052238812580e-001 2.021964177989e-001 1.929773828053e-001 1.778488318959e-001 1.572765249048e-001 1.318950124531e-001 1.023997578303e-001 7.715239424656e-002 5.517405771995e-002 3.553337890336e-002 1.739814481576e-002 0.000000000000e+000
 0.000000000000e+000 2.789477851588e-002 5.678202563918e-002 8.768970552224e-002 1.217180324170e-001 1.600787894825e-001 2.047975450141e-001 2.440170193661e-001 2.758391463412e-001 2.992781838973e-001 3.136061738038e-001 3.183760852887e-001 3.134360475582e-001 2.989342041102e-001 2.753140359493e-001 2.433003195140e-001 2.038761972082e-001 1.581939665391e-001 1.191721042205e-001 8.521312759570e-002 5.487422133492e-002 2.686645560023e-002 0.000000000000e+000
 0.000000000000e+000 3.757276067959e-002 7.648109296861e-002 1.181082911713e-001 1.639347850265e-001 2.155909950461e-001 2.756376450358e-001 3.281061734191e-001 3.706289674094e-001 4.018942273592e-001 4.209356849222e-001 4.271630677920e-001 4.203807076983e-001 4.007936905413e-001 3.690013588168e-001 3.259783932079e-001 2.730441084088e-001 2.117999401062e-001 1.595435230942e-001 1.140737075989e-001 7.345621417815e-002 3.596325094876e-002 0.000000000000e+000
 0.000000000000e+000 4.672374119625e-002 9.510717595776e-002 1.468692846473e-001 2.038497161636e-001 2.680744380387e-001 3.426217409568e-001 4.076357311381e-001 4.602910905878e-001 4.989666273096e-001 5.224700161104e-001 5.300752306546e-001 5.215453054101e-001 4.971396995586e-001 4.576060390078e-001 4.041565229507e-001 3.384297815207e-001 2.624648855023e-001 1.976996825027e-001 1.413504776328e-001 9.101839079339e-002 4.456077585591e-002 0.000000000000e+000
 0.000000000000e+000 5.522052822212e-002 1.124013019568e-001 1.735725985341e-001 2.409072253632e-001 3.167980453607e-001 4.048182483601e-001 4.815026460639e-001 5.435839085574e-001 5.891522304331e-001 6.168045094098e-001 6.256883002626e-001 6.155284523581e-001 5.866355856489e-001 5.398961509085e-001 4.767444177570e-001 3.991173203530e-001 3.094769273063e-001 2.331044602742e-001 1.666601930289e-001 1.073140120754e-001 5.253824524858e-002 0.000000000000e+000
 0.000000000000e+000 6.294542160575e-002 1.281237935540e-001 1.978478836729e-001 2.745928915093e-001 3.610847663406e-001 4.613645270383e-001 5.486858211181e-001 6.193582254644e-001 6.712078930412e-001 7.026390206617e-001 7.126837926477e-001 7.010325614757e-001 6.680433153565e-001 6.147301525721e-001 5.427311594807e-001 4.542567542184e-001 3.521750514712e-001 2.652600948636e-001 1.896470755182e-001 1.221140482593e-001 5.978355213472e-002 0.000000000000e+000
 0.000000000000e+000 6.979195707661e-002 1.420578051779e-001 2.193599594171e-001 3.044409600341e-001 4.003213545456e-001 5.114793338668e-001 6.082608924528e-001 6.865739110757e-001 7.440084921690e-001 7.787967372566e-001 7.898680659752e-001 7.768825556193e-001 7.402412619263e-001 6.810732201496e-001 6.011995710993e-001 5.030759911815e-001 3.899583529074e-001 2.937141923998e-001 2.099878540194e-001 1.352104423460e-001 6.619487122357e-002 0.000000000000e+000
 0.000000000000e+000 7.566653215249e-002 1.540126103317e-001 2.378138393540e-001 3.300412377712e-001 4.339673313798e-001 5.544742085052e-001 6.594137405521e-001 7.443151105121e-001 8.065633633398e-001 8.442413437283e-001 8.561896966489e-001 8.420429311589e-001 8.022404390740e-001 7.380121527648e-001 6.513393261699e-001 5.448917142563e-001 4.222944748535e-001 3.180661528383e-001 2.273964107777e-001 1.464191310952e-001 7.168214778053e-002 0.000000000000e+000
 0.000000000000e+000 8.048991333620e-002 1.638266330384e-001 2.529593300022e-001 3.510453442299e-001 4.615630386525e-001 5.897636556799e-001 7.014525580412e-001 7.918038077483e-001 8.580309384999e-001 8.980922936325e-001 9.107549338718e-001 8.956329394484e-001 8.531989552733e-001 7.847686554234e-001 6.924586377370e-001 5.791190908374e-001 4.487271510895e-001 3.379729661427e-001 2.416280111141e-001 1.555828171380e-001 7.616847109288e-002 0.000000000000e+000
 0.000000000000e+000 8.419863998468e-002 1.713702457326e-001 2.645952161253e-001 3.671723050994e-001 4.827367192054e-001 6.168740161503e-001 7.338183305261e-001 8.284115645025e-001 8.977313774801e-001 9.396379638150e-001 9.528410052032e-001 9.369396691003e-001 8.924344937453e-001 8.207108353506e-001 7.239943954092e-001 6.052801958645e-001 4.688827937137e-001 3.531543649699e-001 2.524831291789e-001 1.625735126464e-001 7.959134671896e-002 0.000000000000e+000
 0.000000000000e+000 8.674636490806e-002 1.765484004100e-001 2.725731019613e-001 3.782135294226e-001 4.972106097518e-001 6.354509551451e-001 7.560936189406e-001 8.536692810264e-001 9.251570043237e-001 9.683464810452e-001 9.819070594533e-001 9.654288297144e-001 9.194346477815e-001 8.453627791233e-001 7.455206571049e-001 6.230110886844e-001 4.824761136054e-001 3.633973733377e-001 2.598109344826e-001 1.672949167806e-001 8.190390480248e-002 0.000000000000e+000
 0.000000000000e+000 8.810521059762e-002 1.793032301271e-001 2.768010651662e-001 3.840372978315e-001 5.048060959913e-001 6.452655458920e-001 7.680095706053e-001 8.672748501839e-001 9.399803723296e-001 9.838740164222e-001 9.976025385638e-001 9.807530495588e-001 9.338649642705e-001 8.584121143933e-001 7.567554495491e-001 6.320675363142e-001 4.893148248364e-001 3.685603719484e-001 2.635125860484e-001 1.696847550827e-001 8.307611825492e-002 0.000000000000e+000
 0.000000000000e+000 8.826728122476e-002 1.796168696637e-001 2.772474202593e-001 3.845930258393e-001 5.054480802304e-001 6.462189932859e-001 7.694511335543e-001 8.690985984915e-001 9.420597828628e-001 9.860703327540e-001 9.997727600367e-001 9.827575003222e-001 9.355745674799e-001 8.597155013278e-001 7.575658928839e-001 6.323294483570e-001 4.893035800929e-001 3.685769287321e-001 2.635446121597e-001 1.697173142994e-001 8.309616268106e-002 0.000000000000e+000
 0.000000000000e+000 8.724656628501e-002 1.775149219302e-001 2.739451154934e-001 3.799157894572e-001 4.991688702513e-001 6.383461397608e-001 7.604605075550e-001 8.591864225216e-001 9.314420631518e-001 9.749813331813e-001 9.884614558402e-001 9.714826435663e-001 9.245992458403e-001 8.493020454809e-001 7.479717457026e-001 6.238041917864e-001 4.824474323645e-001 3.634598502836e-001 2.599228666713e-001 1.674065752337e-001 8.197214204215e-002 0.000000000000e+000
 0.000000000000e+000 8.508161773404e-002 1.730712770177e-001 2.669976594888e-001 3.701319760225e-001 4.861121600543e-001 6.218180411532e-001 7.412389390149e-001 8.377605259970e-001 9.083623508358e-001 9.508482789178e-001 9.639099382838e-001 9.471638446755e-001 9.011618795097e-001 8.273746751443e-001 7.281475761955e-001 6.066291045824e-001 4.688553563197e-001 3.533062551512e-001 2.527279035752e-001 1.628106171224e-001 7.973454797498e-002 0.000000000000e+000
 0.000000000000e+000 8.183959345038e-002 1.664154219269e-001 2.565880885624e-001 3.554675761210e-001 4.665381277442e-001 5.969441287372e-001 7.121470572838e-001 8.052176197287e-001 8.732405090449e-001 9.141031957497e-001 9.265524298024e-001 9.102275058285e-001 8.656700536473e-001 7.943095782720e-001 6.984239147285e-001 5.810737548146e-001 4.487447630601e-001 3.383050649733e-001 2.421131952844e-001 1.560383946044e-001 7.644003749431e-002 0.000000000000e+000
 0.000000000000e+000 7.762253123653e-002 1.577440069495e-001 2.429935007369e-001 3.362618136792e-001 4.408315154986e-001 5.641748473356e-001 6.737040481117e-001 7.621243124665e-001 8.266735542265e-001 8.653597405038e-001 8.770068832080e-001 8.612832118375e-001 8.187106195618e-001 7.506538318729e-001 6.592879460497e-001 5.475428464698e-001 4.224486550077e-001 3.187493773442e-001 2.283185985697e-001 1.472606394072e-001 7.217741575633e-002 0.000000000000e+000
 0.000000000000e+000 7.257696999732e-002 1.473392423611e-001 2.266093407482e-001 3.129910537545e-001 4.095162381070e-001 5.241062986186e-001 6.265860187586e-001 7.092090768488e-001 7.694230298079e-001 8.053984161276e-001 8.160603264392e-001 8.011111463592e-001 7.610407912458e-001 6.971213341026e-001 6.113845597120e-001 5.065812465203e-001 3.904284439176e-001 2.950581998280e-001 2.116931113078e-001 1.367275537884e-001 6.707705914507e-002 0.000000000000e+000
 0.000000000000e+000 6.690797080724e-002 1.355974085290e-001 2.079902241980e-001 2.863124245522e-001 3.732838072482e-001 4.774895614821e-001 5.716237480057e-001 6.473493387568e-001 7.023954501949e-001 7.351445007621e-001 7.446474379128e-001 7.306437259356e-001 6.935750156794e-001 6.345869361214e-001 5.555188539628e-001 4.588835756444e-001 3.532984176306e-001 2.678160611238e-001 1.927336581208e-001 1.247970097451e-001 6.132520140942e-002 0.000000000000e+000
 0.000000000000e+000 6.089737162913e-002 1.230702679673e-001 1.879176955747e-001 2.571460880278e-001 3.330523232844e-001 4.252494772020e-001 5.097990108267e-001 5.775502455415e-001 6.266125492312e-001 6.556365053403e-001 6.638208872339e-001 6.509400862371e-001 6.173661720651e-001 5.640779226653e-001 4.926612676031e-001 4.053125234835e-001 3.118751673684e-001 2.378476042886e-001 1.721507771242e-001 1.119773886102e-001 5.518386525134e-002 0.000000000000e+000
 0.000000000000e+000 5.492176590984e-002 1.105170819049e-001 1.675082116830e-001 2.268357209343e-001 2.901004315028e-001 3.685215916832e-001 4.422347361636e-001 5.009070150894e-001 5.431659195060e-001 5.679828802058e-001 5.747124900598e-001 5.631519809932e-001 5.335783628176e-001 4.867598480179e-001 4.239555808318e-001 3.469332317910e-001 2.672864841648e-001 2.063633717085e-001 1.509770305546e-001 9.898634936608e-002 4.901403403708e-002 0.000000000000e+000
 0.000000000000e+000 4.945453257769e-002 9.894642187640e-002 1.483671435465e-001 1.974696823079e-001 2.464138019861e-001 3.087221992277e-001 3.701604571636e-001 4.185324312933e-001 4.531482708034e-001 4.733065037849e-001 4.784865986110e-001 4.684804531994e-001 4.434463462747e-001 4.039082336735e-001 3.507252139322e-001 2.850769307907e-001 2.212458704431e-001 1.752552218281e-001 1.307335135022e-001 8.681316382581e-002 4.329030267136e-002 0.000000000000e+000
 0.000000000000e+000 4.501420953134e-002 8.957626741090e-002 1.327371356455e-001 1.725116321525e-001 2.057381547227e-001 2.476689090488e-001 2.947879425301e-001 3.314109735550e-001 3.575548794610e-001 3.726837358126e-001 3.762934095406e-001 3.681257133311e-001 3.482139011322e-001 3.168450428443e-001 2.744548086905e-001 2.214556595471e-001 1.768759566688e-001 1.476996552513e-001 1.136344972139e-001 7.672991550630e-002 3.857439398744e-002 0.000000000000e+000
 0.000000000000e+000 4.199474890086e-002 8.353499376503e-002 1.233500173013e-001 1.578140253240e-001 1.773435293795e-001 1.877116530333e-001 2.168790739171e-001 2.401172074440e-001 2.571693014800e-001 2.671040787454e-001 2.692419376893e-001 2.632405245291e-001 2.490442236137e-001 2.267957433896e-001 1.966598747785e-001 1.583460175711e-001 1.416562109140e-001 1.292649293448e-001 1.026308321670e-001 7.009612112486e-002 3.538261573515e-002 0.000000000000e+000
 0.000000000000e+000 4.033352394471e-002 8.101662374525e-002 1.219684204755e-001 1.614470977293e-001 1.914162648312e-001 1.313496889895e-001 1.353114295591e-001 1.443940770630e-001 1.525317760710e-001 1.575128666619e-001 1.584267514450e-001 1.549125550128e-001 1.469166648750e-001 1.346073606130e-001 1.183487421676e-001 9.871629058518e-002 1.396114697722e-001 1.287767996569e-001 1.004684245767e-001 6.764955954050e-002 3.387375293972e-002 0.000000000000e+000
 0.000000000000e+000 3.919070502570e-002 7.997304349272e-002 1.246847170148e-001 1.780640396729e-001 2.523253122073e-001 2.861379168314e-001 2.733682719912e-001 2.770775116882e-001 2.838014704668e-001 2.882858185877e-001 2.883124433335e-001 2.831133192121e-001 2.729314304854e-001 2.591550989712e-001 2.452527218537e-001 2.400066760139e-001 2.074125956464e-001 1.494521693431e-001 1.056951918631e-001 6.809827753851e-002 3.343340870238e-002 0.000000000000e+000
 0.000000000000e+000 3.729964096890e-002 7.672115691969e-002 1.214165933086e-001 1.776309895536e-001 2.603032201662e-001 3.890620666987e-001 3.993804491368e-001 4.112124039364e-001 4.218283415635e-001 4.280667664743e-001 4.279609640331e-001 4.207649690626e-001 4.068918459865e-001 3.880466444547e-001 3.676446626631e-001 3.514012102653e-001 2.424826713686e-001 1.602062883998e-001 1.077903415607e-001 6.756614501809e-002 3.271955952851e-002 0.000000000000e+000
 0.000000000000e+000 3.408939432624e-002 6.984639768470e-002 1.092424082533e-001 1.545627435937e-001 2.065371248789e-001 2.692119842880e-001 3.045949437201e-001 3.245004599184e-001 3.368252899863e-001 3.431966964866e-001 3.436851596325e-001 3.382541621115e-001 3.271588756902e-001 3.108758297882e-001 2.893386724289e-001 2.589272380891e-001 2.012767751530e-001 1.456903033497e-001 1.007822180844e-001 6.359234941670e-002 3.081618593222e-002 0.000000000000e+000
 0.000000000000e+000 2.994514618482e-002 6.083573343723e-002 9.349480712509e-002 1.281666590136e-001 1.631512937836e-001 2.016824967270e-001 2.340143287437e-001 2.546669946924e-001 2.674265934734e-001 2.740430589238e-001 2.751763007247e-001 2.710995165065e-001 2.619876281482e-001 2.478665377102e-001 2.281972740359e-001 2.011112416959e-001 1.637375248995e-001 1.246703425889e-001 8.894355394156e-002 5.702693689621e-002 2.783579965675e-002 0.000000000000e+000
 0.000000000000e+000 2.549987983127e-002 5.136577446146e-002 7.774644637866e-002 1.042159522191e-001 1.292128945513e-001 1.560011407064e-001 1.818180065678e-001 2.000234766289e-001 2.118335063902e-001 2.182247002674e-001 2.197619934547e-001 2.167476900572e-001 2.093322181064e-001 1.975074478637e-001 1.810110971059e-001 1.593452964060e-001 1.325832514075e-001 1.038821217659e-001 7.584318522607e-002 4.937001647699e-002 2.429764475686e-002 0.000000000000e+000
 0.000000000000e+000 2.123735891103e-002 4.248643534205e-002 6.358236382764e-002 8.398054774247e-002 1.025752001283e-001 1.223299467315e-001 1.424426448491e-001 1.575065981789e-001 1.677288429559e-001 1.735129545994e-001 1.751960425661e-001 1.730074242282e-001 1.670840256253e-001 1.574790469964e-001 1.441808146942e-001 1.272412577495e-001 1.071669218339e-001 8.540820417514e-002 6.335015568922e-002 4.172688000356e-002 2.068095439728e-002 0.000000000000e+000
 0.000000000000e+000 1.742015078172e-002 3.467455695225e-002 5.148432534410e-002 6.735594546385e-002 8.153644910549e-002 9.654326423062e-002 1.121973847774e-001 1.243444070707e-001 1.328681856745e-001 1.378738356574e-001 1.395216259334e-001 1.379590569366e-001 1.333048104754e-001 1.256560891775e-001 1.151230169274e-001 1.019177951541e-001 8.650558850936e-002 6.968078736071e-002 5.223750212822e-002 3.470197843939e-002 1.729185662990e-002 0.000000000000e+000
 0.000000000000e+000 1.414357083370e-002 2.805351663898e-002 4.143238350414e-002 5.387196705392e-002 6.484991455824e-002 7.643909877765e-002 8.867397347486e-002 9.836825434231e-002 1.053326804061e-001 1.095430248675e-001 1.110552305492e-001 1.099552573689e-001 1.063396040045e-001 1.003178601471e-001 9.203594626449e-002 8.172153063444e-002 6.973546258868e-002 5.656839267363e-002 4.271382901296e-002 2.854597805648e-002 1.427995090885e-002 0.000000000000e+000
 0.000000000000e+000 1.140498712159e-002 2.256727004439e-002 3.321135445169e-002 4.300895537441e-002 5.158554781129e-002 6.062491791136e-002 7.023189884117e-002 7.794046593077e-002 8.356931539915e-002 8.704904897172e-002 8.838303881644e-002 8.761764564638e-002 8.482739769819e-002 8.011417199543e-002 7.361844956133e-002 6.553845557484e-002 5.614444317003e-002 4.576432513992e-002 3.472730687011e-002 2.330607130422e-002 1.169112714495e-002 0.000000000000e+000
 0.000000000000e+000 9.154544191597e-003 1.808487211082e-002 2.655152090214e-002 3.429250965377e-002 4.103081429526e-002 4.812664882232e-002 5.570056688632e-002 6.182559472462e-002 6.634954723151e-002 6.919500127711e-002 7.034263689348e-002 6.981536496731e-002 6.766869746061e-002 6.398846256187e-002 5.889458684487e-002 5.254724826368e-002 4.514821551482e-002 3.692842626921e-002 2.812003081020e-002 1.892765345847e-002 9.513467944884e-003 0.000000000000e+000
 0.000000000000e+000 7.325324336751e-003 1.445534175170e-002 2.118873905659e-002 2.731672664104e-002 3.262938598658e-002 3.822354160064e-002 4.421409307093e-002 4.908326493984e-002 5.270936676704e-002 5.502139100474e-002 5.599264428849e-002 5.563287391508e-002 5.398245098465e-002 5.110983189536e-002 4.711167198879e-002 4.211335215199e-002 3.626635961654e-002 2.973923026559e-002 2.270244957225e-002 1.531337088705e-002 7.707677083893e-003 0.000000000000e+000
 0.000000000000e+000 5.849053193032e-003 1.153351205476e-002 1.688735093775e-002 2.174413084360e-002 2.594205284566e-002 3.036543906197e-002 3.511584904933e-002 3.899036998485e-002 4.189352604591e-002 4.376505942263e-002 4.457801204111e-002 4.433506375175e-002 4.306514003654e-002 4.082117331394e-002 3.767879052133e-002 3.373478717230e-002 2.910376723449e-002 2.391179286173e-002 1.828765128721e-002 1.235447183316e-002 6.224714748181e-003 0.000000000000e+000
 0.000000000000e+000 4.663248651773e-003 9.190504790651e-003 1.344643945462e-002 1.729832904887e-002 2.062003973457e-002 2.412501414033e-002 2.789965562299e-002 3.098601667504e-002 3.330966784568e-002 3.482129279475e-002 3.549655813076e-002 3.533454533521e-002 3.435580175834e-002 3.260056490955e-002 3.012712617568e-002 2.700982926537e-002 2.333602885560e-002 1.920165849040e-002 1.470588024668e-002 9.946138560414e-003 5.015064544317e-003 0.000000000000e+000
 0.000000000000e+000 3.713790249779e-003 7.316599680289e-003 1.069894190438e-002 1.375496811566e-002 1.638562195543e-002 1.916704057705e-002 2.217114122711e-002 2.463220421770e-002 2.649224556287e-002 2.771160751100e-002 2.826945221305e-002 2.816318546788e-002 2.740734093920e-002 2.603225041973e-002 2.408254150310e-002 2.161527758948e-002 1.869749910801e-002 1.540311007575e-002 1.180943484174e-002 7.994120677734e-003 4.033099673691e-003 0.000000000000e+000
 0.000000000000e+000 2.955233843678e-003 5.820615810100e-003 8.508002779180e-003 1.093298798800e-002 1.301741306858e-002 1.522704090817e-002 1.762092606861e-002 1.958519091892e-002 2.107457527269e-002 2.205744999958e-002 2.251645198847e-002 2.244835280789e-002 2.186341859861e-002 2.078444685054e-002 1.924554005645e-002 1.729057510241e-002 1.497131249549e-002 1.234518752648e-002 9.472999771973e-003 6.416862242880e-003 3.238772398448e-003 0.000000000000e+000
 0.000000000000e+000 2.350126273761e-003 4.627887232785e-003 6.762558574358e-003 8.686847098392e-003 1.033889826957e-002 1.209566638218e-002 1.400521715206e-002 1.557422540885e-002 1.676725668515e-002 1.755916925103e-002 1.793570857383e-002 1.789355959626e-002 1.743997831109e-002 1.659210745990e-002 1.537603217033e-002 1.382559077500e-002 1.198095577098e-002 9.887049893064e-003 7.591940864860e-003 5.145416123705e-003 2.597927034871e-003 0.000000000000e+000
 0.000000000000e+000 1.867958995729e-003 3.677840917647e-003 5.373028194995e-003 6.899885471272e-003 8.209366632529e-003 9.606888001023e-003 1.113133709899e-002 1.238547944777e-002 1.334148286414e-002 1.397937818195e-002 1.428755873907e-002 1.426289629255e-002 1.391052889170e-002 1.324338007722e-002 1.228145420028e-002 1.105093963794e-002 9.583155851847e-003 7.913405424260e-003 6.079826767812e-003 4.122364073222e-003 2.081957067825e-003 0.000000000000e+000
 0.000000000000e+000 1.484067475545e-003 2.921636790102e-003 4.267455977289e-003 5.478786257092e-003 6.516688748959e-003 7.628885378922e-003 8.846705914386e-003 9.849749019091e-003 1.061608575695e-002 1.112984786942e-002 1.138162808826e-002 1.136860747944e-002 1.109443416834e-002 1.056888746909e-002 9.807360918389e-003 8.830196244933e-003 7.661905224026e-003 6.330329087549e-003 4.865799755391e-003 3.300372919383e-003 1.667190715472e-003 0.000000000000e+000
 0.000000000000e+000 1.178611412443e-003 2.320056736549e-003 3.388208791240e-003 4.349018916618e-003 5.171546672213e-003 6.056930061631e-003 7.030333580406e-003 7.832946203319e-003 8.447442086708e-003 8.861198899446e-003 9.066611880297e-003 9.061211909059e-003 8.847597586284e-003 8.433201168702e-003 7.829912474614e-003 7.053587573746e-003 6.123473472011e-003 5.061586544097e-003 3.892088222589e-003 2.640701508232e-003 1.334202278776e-003 0.000000000000e+000
 0.000000000000e+000 9.356852855332e-004 1.841697829794e-003 2.689218162158e-003 3.451125313666e-003 4.102820133468e-003 4.807785788297e-003 5.586189711861e-003 6.228694661755e-003 6.721578946965e-003 7.054790443408e-003 7.222190929278e-003 7.221658271677e-003 7.055050067646e-003 6.728040564876e-003 6.249847847988e-003 5.632871961138e-003 4.892268185671e-003 4.045483177053e-003 3.111783658980e-003 2.111805663970e-003 1.067145299951e-003 0.000000000000e+000
 0.000000000000e+000 7.425679506528e-004 1.461464675780e-003 2.133712985993e-003 2.737712640592e-003 3.253898044460e-003 3.815283239366e-003 4.438003861959e-003 4.952532288526e-003 5.347979532292e-003 5.616331321038e-003 5.752637909553e-003 5.755099706504e-003 5.625049609761e-003 5.366839253840e-003 4.987640989461e-003 4.497180851490e-003 3.907420498473e-003 3.232208065179e-003 2.486918368185e-003 1.688100981860e-003 8.531497799428e-004 0.000000000000e+000
 0.000000000000e+000 5.891019856645e-004 1.159330818026e-003 1.692374204718e-003 2.171030096847e-003 2.579731643906e-003 3.026814050232e-003 3.525170705017e-003 3.937354189329e-003 4.254709268705e-003 4.470840080346e-003 4.581757905526e-003 4.585951796123e-003 4.484381894430e-003 4.280399928013e-003 3.979605052485e-003 3.589646030398e-003 3.119982777976e-003 2.581621489224e-003 1.986837526599e-003 1.348898653634e-003 6.817978256955e-004 0.000000000000e+000
 0.000000000000e+000 4.671867138186e-004 9.193313332742e-004 1.341842997934e-003 1.721022705799e-003 2.044482028885e-003 2.400549015076e-003 2.799516141836e-003 3.129820060555e-003 3.384571897034e-003 3.558663167171e-003 3.648881264904e-003 3.653967272863e-003 3.574615593511e-003 3.413418240517e-003 3.174759426041e-003 2.864668250782e-003 2.490638816032e-003 2.061427840816e-003 1.586839722293e-003 1.077507778769e-003 5.446781722429e-004 0.000000000000e+000
 0.000000000000e+000 3.703674460508e-004 7.287489152148e-004 1.063520357563e-003 1.363772298366e-003 1.619643642207e-003 1.903228992359e-003 2.222738295934e-003 2.487515600296e-003 2.692071988913e-003 2.832324496925e-003 2.905686770641e-003 2.911116221024e-003 2.849117115779e-003 2.721701435411e-003 2.532311377813e-003 2.285709019376e-003 1.987839755060e-003 1.645676671570e-003 1.267052879546e-003 8.604880020959e-004 4.350135484052e-004 0.000000000000e+000
 0.000000000000e+000 2.935045035419e-004 5.774592811685e-004 8.426042943712e-004 1.080251018482e-003 1.282548464371e-003 1.508409733460e-003 1.764379754406e-003 1.976705927933e-003 2.141010912730e-003 2.254029615975e-003 2.313680677034e-003 2.319104870187e-003 2.270669920919e-003 2.169942920531e-003 2.019633019558e-003 1.823508276054e-003 1.586291356687e-003 1.313539180944e-003 1.011511523669e-003 6.870330487869e-004 3.473523029351e-004 0.000000000000e+000
 0.000000000000e+000 2.325075363028e-004 4.574063990977e-004 6.673194578116e-004 8.553261381260e-004 1.015174391790e-003 1.195066970934e-003 1.400219186283e-003 1.570555274259e-003 1.702581718523e-003 1.793686261092e-003 1.842194495186e-003 1.847401123040e-003 1.809575449615e-003 1.729941884869e-003 1.610637308005e-003 1.454648022423e-003 1.265729639130e-003 1.048313528237e-003 8.074034540966e-004 5.484656724119e-004 2.773151726864e-004 0.000000000000e+000
 0.000000000000e+000 1.841228304495e-004 3.621827573693e-004 5.283017881360e-004 6.769663974438e-004 8.031964336059e-004 9.464876635881e-004 1.110994712319e-003 1.247714808539e-003 1.353857875540e-003 1.427333049255e-003 1.466793642789e-003 1.471662583981e-003 1.442137971293e-003 1.379179251662e-003 1.284475305225e-003 1.160396362770e-003 1.009932136295e-003 8.366187818111e-004 6.444573271085e-004 4.378259998293e-004 2.213885253310e-004 0.000000000000e+000
 0.000000000000e+000 1.457633717867e-004 2.866942247610e-004 4.181076527880e-004 5.356096215991e-004 6.352315945008e-004 7.493886622086e-004 8.813901148801e-004 9.912016868244e-004 1.076593518996e-003 1.135891267959e-003 1.168011943005e-003 1.172484607062e-003 1.149455650273e-003 1.099678962522e-003 1.024491898277e-003 9.257783985208e-004 8.059209765587e-004 6.677434667138e-004 5.144464721237e-004 3.495373422580e-004 1.767562930262e-004 0.000000000000e+000
 0.000000000000e+000 1.153732758069e-004 2.268928085023e-004 3.308226995533e-004 4.236592199163e-004 5.022381695618e-004 5.932161934835e-004 6.992295458637e-004 7.875088432736e-004 8.562704848990e-004 9.041728364724e-004 9.303448720214e-004 9.344030224044e-004 9.164559913784e-004 8.770977478601e-004 8.173893174506e-004 7.388303453841e-004 6.433216628598e-004 5.331202450061e-004 4.107879984974e-004 2.791357693212e-004 1.411638377510e-004 0.000000000000e+000
 0.000000000000e+000 9.131976858522e-005 1.795637922034e-004 2.617504580636e-004 3.350835821866e-004 3.970381028777e-004 4.695891695093e-004 5.548377995397e-004 6.258978575597e-004 6.813411450045e-004 7.200916536709e-004 7.414485166007e-004 7.450997262469e-004 7.311264223694e-004 6.999978801669e-004 6.525576346013e-004 5.900014376113e-004 5.138479441460e-004 4.259031508015e-004 3.282196653952e-004 2.230518735985e-004 1.128080043253e-004 0.000000000000e+000
 0.000000000000e+000 7.230721784326e-005 1.421563663160e-004 2.071646570973e-004 2.650975836110e-004 3.139374204637e-004 3.718569554033e-004 4.405321891992e-004 4.978372641739e-004 5.426268018215e-004 5.740366386515e-004 5.915022668696e-004 5.947700127898e-004 5.839007889111e-004 5.592664983598e-004 5.215393977428e-004 4.716749211114e-004 4.108886219915e-004 3.406279954305e-004 2.625399963755e-004 1.784350788780e-004 9.024855232511e-005 0.000000000000e+000
 0.000000000000e+000 5.730879579128e-005 1.126490188342e-004 1.641124267153e-004 2.099096039945e-004 2.484248420712e-004 2.947482854458e-004 3.502191449234e-004 3.965565566545e-004 4.328398461900e-004 4.583734935124e-004 4.727019969444e-004 4.756189961648e-004 4.671705172737e-004 4.476523844743e-004 4.176020139780e-004 3.777849556189e-004 3.291766682631e-004 2.729401015746e-004 2.103997080232e-004 1.430125280835e-004 7.233698476662e-005 0.000000000000e+000
 0.000000000000e+000 4.551223810688e-005 8.944270584972e-005 1.302581444957e-004 1.665208414576e-004 1.969327529841e-004 2.340928361861e-004 2.790742491040e-004 3.166923609039e-004 3.462045341322e-004 3.670490998563e-004 3.788573881768e-004 3.814611943063e-004 3.748955650322e-004 3.593969278730e-004 3.353967154192e-004 3.035107528965e-004 2.645247722114e-004 2.193764872061e-004 1.691347117250e-004 1.149760261808e-004 5.815950375145e-005 0.000000000000e+000
 0.000000000000e+000 3.627687918061e-005 7.127623887720e-005 1.037597736261e-004 1.325664112681e-004 1.566479780100e-004 1.866008013499e-004 2.232888665065e-004 2.540081737891e-004 2.781565011180e-004 2.952779068399e-004 3.050725233907e-004 3.074026955437e-004 3.022953658007e-004 2.899407149251e-004 2.706871660031e-004 2.450329506210e-004 2.136145117587e-004 1.771920773409e-004 1.366327803516e-004 9.289172707180e-005 4.699142698830e-005 0.000000000000e+000
 0.000000000000e+000 2.909972218765e-005 5.715946939049e-005 8.317122165927e-005 1.061898958006e-004 1.253624097248e-004 1.496888730157e-004 1.798700557794e-004 2.051729696694e-004 2.251053059181e-004 2.392939925604e-004 2.474932341239e-004 2.495895953670e-004 2.456040459456e-004 2.356909649871e-004 2.201341831349e-004 1.993402110894e-004 1.738288651197e-004 1.442215496509e-004 1.112274942113e-004 7.562826735254e-005 3.826090525248e-005 0.000000000000e+000
 0.000000000000e+000 2.358876941710e-005 4.632077293641e-005 6.736560170218e-005 8.594475884378e-005 1.013556346369e-004 1.213434793051e-004 1.464832646634e-004 1.675870890400e-004 1.842476200936e-004 1.961559263629e-004 2.031081580422e-004 2.050098049889e-004 2.018774602763e-004 1.938380827184e-004 1.811258144709e-004 1.640764674384e-004 1.431198426973e-004 1.187700890976e-004 9.161434008730e-005 6.229989188086e-005 3.152020235438e-005 0.000000000000e+000
 0.000000000000e+000 1.944221546923e-005 3.816607938886e-005 5.547536856318e-005 7.071744394443e-005 8.330338194535e-005 1.000140907736e-004 1.213295657862e-004 1.392463131298e-004 1.534213385357e-004 1.635943185697e-004 1.695932502519e-004 1.713380770213e-004 1.688422282791e-004 1.622120626298e-004 1.516442561227e-004 1.374212243394e-004 1.199047094944e-004 9.952769975670e-005 7.678487724465e-005 5.222181368157e-005 2.642314908163e-005 0.000000000000e+000
 0.000000000000e+000 1.643241169666e-005 3.224729883318e-005 4.684618527987e-005 5.966811363482e-005 7.020697708155e-005 8.453098993715e-005 1.030510061265e-004 1.186370326961e-004 1.309930276928e-004 1.398941671369e-004 1.451917405721e-004 1.468163116446e-004 1.447790876299e-004 1.391714861351e-004 1.301629303032e-004 1.179969442413e-004 1.029856568481e-004 8.550285386755e-005 6.597574437843e-005 4.487562899317e-005 2.270767309001e-005 0.000000000000e+000
 0.000000000000e+000 1.439375980008e-005 2.823848440221e-005 4.100209517300e-005 5.218591263344e-005 6.134008698886e-005 7.404318480948e-005 9.065911876937e-005 1.046570472208e-004 1.157728675807e-004 1.238059179752e-004 1.286233589459e-004 1.301630152851e-004 1.284346265583e-004 1.235194935259e-004 1.155685454159e-004 1.047988886403e-004 9.148893004286e-005 7.597219639907e-005 5.862999621420e-005 3.988308976125e-005 2.018254891375e-005 0.000000000000e+000
 0.000000000000e+000 1.321389840315e-005 2.591847910784e-005 3.762016799617e-005 4.785640134452e-005 5.620995386034e-005 6.797320604344e-005 8.348285939986e-005 9.655786982604e-005 1.069526749470e-004 1.144806437967e-004 1.190181598803e-004 1.205072771286e-004 1.189569000413e-004 1.144424747391e-004 1.071042123390e-004 9.714389898051e-005 8.482037704128e-005 7.044380895083e-005 5.436885809589e-005 3.698694046697e-005 1.871771597543e-005 0.000000000000e+000
 0.000000000000e+000 1.282771925872e-005 2.515913416474e-005 3.651328653239e-005 4.643944593411e-005 5.453107652402e-005 6.598641424313e-005 8.113324671207e-005 9.390553496629e-005 1.040637943528e-004 1.114259942831e-004 1.158715433329e-004 1.173438841208e-004 1.158516501667e-004 1.114683713048e-004 1.043307479343e-004 9.463554640956e-005 8.263519734476e-005 6.863220488840e-005 5.297249770177e-005 3.603787127486e-005 1.823768637177e-005 0.000000000000e+000

