mode1:E: Re(Ey) vs position, x=5e-06(m), lambda=1.55e-06(m) 

y(microns)(161,1)
 -1.600000000000e+000
 -1.580000000000e+000
 -1.560000000000e+000
 -1.540000000000e+000
 -1.520000000000e+000
 -1.500000000000e+000
 -1.480000000000e+000
 -1.460000000000e+000
 -1.440000000000e+000
 -1.420000000000e+000
 -1.400000000000e+000
 -1.380000000000e+000
 -1.360000000000e+000
 -1.340000000000e+000
 -1.320000000000e+000
 -1.300000000000e+000
 -1.280000000000e+000
 -1.260000000000e+000
 -1.240000000000e+000
 -1.220000000000e+000
 -1.200000000000e+000
 -1.180000000000e+000
 -1.160000000000e+000
 -1.140000000000e+000
 -1.120000000000e+000
 -1.100000000000e+000
 -1.080000000000e+000
 -1.060000000000e+000
 -1.040000000000e+000
 -1.020000000000e+000
 -1.000000000000e+000
 -9.800000000000e-001
 -9.600000000000e-001
 -9.400000000000e-001
 -9.200000000000e-001
 -9.000000000000e-001
 -8.800000000000e-001
 -8.600000000000e-001
 -8.400000000000e-001
 -8.200000000000e-001
 -8.000000000000e-001
 -7.800000000000e-001
 -7.600000000000e-001
 -7.400000000000e-001
 -7.200000000000e-001
 -7.000000000000e-001
 -6.800000000000e-001
 -6.600000000000e-001
 -6.400000000000e-001
 -6.200000000000e-001
 -6.000000000000e-001
 -5.800000000000e-001
 -5.600000000000e-001
 -5.400000000000e-001
 -5.200000000000e-001
 -5.000000000000e-001
 -4.800000000000e-001
 -4.600000000000e-001
 -4.400000000000e-001
 -4.200000000000e-001
 -4.000000000000e-001
 -3.800000000000e-001
 -3.600000000000e-001
 -3.400000000000e-001
 -3.200000000000e-001
 -3.000000000000e-001
 -2.800000000000e-001
 -2.600000000000e-001
 -2.400000000000e-001
 -2.200000000000e-001
 -2.000000000000e-001
 -1.800000000000e-001
 -1.600000000000e-001
 -1.400000000000e-001
 -1.200000000000e-001
 -1.000000000000e-001
 -8.000000000000e-002
 -6.000000000000e-002
 -4.000000000000e-002
 -2.000000000000e-002
 0.000000000000e+000
 2.000000000000e-002
 4.000000000000e-002
 6.000000000000e-002
 8.000000000000e-002
 1.000000000000e-001
 1.200000000000e-001
 1.400000000000e-001
 1.600000000000e-001
 1.800000000000e-001
 2.000000000000e-001
 2.200000000000e-001
 2.400000000000e-001
 2.600000000000e-001
 2.800000000000e-001
 3.000000000000e-001
 3.200000000000e-001
 3.400000000000e-001
 3.600000000000e-001
 3.800000000000e-001
 4.000000000000e-001
 4.200000000000e-001
 4.400000000000e-001
 4.600000000000e-001
 4.800000000000e-001
 5.000000000000e-001
 5.200000000000e-001
 5.400000000000e-001
 5.600000000000e-001
 5.800000000000e-001
 6.000000000000e-001
 6.200000000000e-001
 6.400000000000e-001
 6.600000000000e-001
 6.800000000000e-001
 7.000000000000e-001
 7.200000000000e-001
 7.400000000000e-001
 7.600000000000e-001
 7.800000000000e-001
 8.000000000000e-001
 8.200000000000e-001
 8.400000000000e-001
 8.600000000000e-001
 8.800000000000e-001
 9.000000000000e-001
 9.200000000000e-001
 9.400000000000e-001
 9.600000000000e-001
 9.800000000000e-001
 1.000000000000e+000
 1.020000000000e+000
 1.040000000000e+000
 1.060000000000e+000
 1.080000000000e+000
 1.100000000000e+000
 1.120000000000e+000
 1.140000000000e+000
 1.160000000000e+000
 1.180000000000e+000
 1.200000000000e+000
 1.220000000000e+000
 1.240000000000e+000
 1.260000000000e+000
 1.280000000000e+000
 1.300000000000e+000
 1.320000000000e+000
 1.340000000000e+000
 1.360000000000e+000
 1.380000000000e+000
 1.400000000000e+000
 1.420000000000e+000
 1.440000000000e+000
 1.460000000000e+000
 1.480000000000e+000
 1.500000000000e+000
 1.520000000000e+000
 1.540000000000e+000
 1.560000000000e+000
 1.580000000000e+000
 1.600000000000e+000

z(microns)(23,1)
 -1.100000000000e-001
 -9.000000000000e-002
 -7.000000000000e-002
 -5.000000000000e-002
 -3.000000000000e-002
 -1.000000000000e-002
 1.000000000000e-002
 3.000000000000e-002
 5.000000000000e-002
 7.000000000000e-002
 9.000000000000e-002
 1.100000000000e-001
 1.300000000000e-001
 1.500000000000e-001
 1.700000000000e-001
 1.900000000000e-001
 2.100000000000e-001
 2.300000000000e-001
 2.500000000000e-001
 2.700000000000e-001
 2.900000000000e-001
 3.100000000000e-001
 3.300000000000e-001

mode1:E: Re(Ey) vs position, x=5e-06(m), lambda=1.55e-06(m) (161,23)
 0.000000000000e+000 1.525945941794e-006 3.001041539789e-006 4.375960573209e-006 5.604379969098e-006 6.644369938381e-006 7.851964915946e-006 9.262200198170e-006 1.043804298539e-005 1.135592365387e-005 1.199793327373e-005 1.235221666010e-005 1.241322880820e-005 1.218184956587e-005 1.166535491613e-005 1.087724673153e-005 9.836946176806e-006 8.569358976212e-006 7.104323435123e-006 5.475954359498e-006 3.721897839308e-006 1.882513268808e-006 0.000000000000e+000
 0.000000000000e+000 1.577304263507e-006 3.102131930232e-006 4.523578977513e-006 5.793840012836e-006 6.869642636767e-006 8.116251307957e-006 9.569837135069e-006 1.078164131269e-005 1.172734904920e-005 1.238848666223e-005 1.275282699421e-005 1.281465369318e-005 1.257487905590e-005 1.204101379042e-005 1.122699068086e-005 1.015284757787e-005 8.844278283253e-006 7.332062649997e-006 5.651389528813e-006 3.841088043476e-006 1.942784093400e-006 0.000000000000e+000
 0.000000000000e+000 1.734751130776e-006 3.412043178848e-006 4.976138056095e-006 6.374688801015e-006 7.560309437429e-006 8.926458662772e-006 1.051278778556e-005 1.183470011130e-005 1.286559811245e-005 1.358527826161e-005 1.398037434071e-005 1.404464573931e-005 1.377910495566e-005 1.319198261477e-005 1.229853236742e-005 1.112068186456e-005 9.686539469306e-006 8.029769369017e-006 6.188850223732e-006 4.206234425216e-006 2.127426476726e-006 0.000000000000e+000
 0.000000000000e+000 2.008620586324e-006 3.951125597924e-006 5.763378233578e-006 7.385140851642e-006 8.761880216080e-006 1.033575481598e-005 1.215246343418e-005 1.366544128308e-005 1.484412579540e-005 1.566530947773e-005 1.611364910582e-005 1.618199568242e-005 1.587153852541e-005 1.519176173849e-005 1.416021612728e-005 1.280211414268e-005 1.114975947279e-005 9.241826333913e-006 7.122506260610e-006 4.840542265893e-006 2.448171691373e-006 0.000000000000e+000
 0.000000000000e+000 2.416877836741e-006 4.754757591062e-006 6.937003377823e-006 8.891634175762e-006 1.055347932564e-005 1.243656939785e-005 1.459560500449e-005 1.639242781218e-005 1.779057634398e-005 1.876237560392e-005 1.928954445767e-005 1.936358745099e-005 1.898596315817e-005 1.816802725178e-005 1.693075447549e-005 1.530424927787e-005 1.332705977749e-005 1.104531379535e-005 8.511698830399e-006 5.784310083299e-006 2.925392051623e-006 0.000000000000e+000
 0.000000000000e+000 2.986281892391e-006 5.875635883818e-006 8.574029515041e-006 1.099313628075e-005 1.305297850848e-005 1.536657616069e-005 1.800116170568e-005 2.019218012596e-005 2.189496251562e-005 2.307562094065e-005 2.371179277921e-005 2.379311842044e-005 2.332144260478e-005 2.231073757056e-005 2.078675389155e-005 1.878641200796e-005 1.635695361722e-005 1.355487704326e-005 1.044468434803e-005 7.097470322820e-006 3.589384777171e-006 0.000000000000e+000
 0.000000000000e+000 3.754116390708e-006 7.387185079180e-006 1.078177039358e-005 1.382755528294e-005 1.642463965196e-005 1.931760015198e-005 2.259053160086e-005 2.531051387874e-005 2.742184009509e-005 2.888227149348e-005 2.966396666727e-005 2.975407449946e-005 2.915497860936e-005 2.788419153224e-005 2.597390705887e-005 2.347022847765e-005 2.043209837458e-005 1.692996179634e-005 1.304419883852e-005 8.863365163314e-006 4.482279873232e-006 0.000000000000e+000
 0.000000000000e+000 4.770599524230e-006 9.388305150971e-006 1.370477981326e-005 1.758066794665e-005 2.088975891033e-005 2.454802235822e-005 2.866182139089e-005 3.207832587538e-005 3.472725690095e-005 3.655535872577e-005 3.752757332043e-005 3.762778515012e-005 3.685912055262e-005 3.524380017351e-005 3.282255665535e-005 2.965364220035e-005 2.581146096431e-005 2.138486897897e-005 1.647518925599e-005 1.119399205225e-005 5.660690437521e-006 0.000000000000e+000
 0.000000000000e+000 6.102127348349e-006 1.200976097022e-005 1.753419581330e-005 2.249813773787e-005 2.674099638284e-005 3.139947911982e-005 3.660904080666e-005 4.093284034205e-005 4.428156159836e-005 4.658756731557e-005 4.780639639859e-005 4.791770681167e-005 4.692564373747e-005 4.485863200303e-005 4.176861055287e-005 3.772974356359e-005 3.283665649566e-005 2.720225521090e-005 2.095519198966e-005 1.423704412211e-005 7.199269459295e-006 0.000000000000e+000
 0.000000000000e+000 7.835557796745e-006 1.542262259888e-005 2.252008512033e-005 2.890139362197e-005 3.436131182841e-005 4.031892938700e-005 4.694746402268e-005 5.244567857289e-005 5.669953386293e-005 5.962273242903e-005 6.115863888134e-005 6.128148001616e-005 5.999679789375e-005 5.734115593913e-005 5.338112412394e-005 4.821159233602e-005 4.195347942354e-005 3.475091799012e-005 2.676800144929e-005 1.818518053277e-005 9.195392555164e-006 0.000000000000e+000
 0.000000000000e+000 1.008380875360e-005 1.984929535732e-005 2.898757724335e-005 3.720838675228e-005 4.424872176973e-005 5.188750739342e-005 6.034678693197e-005 6.735955395223e-005 7.277976831997e-005 7.649700326942e-005 7.843892003583e-005 7.857280132094e-005 7.690610786310e-005 7.348606006930e-005 6.839828306733e-005 6.176458548672e-005 5.373996720808e-005 4.450896756188e-005 3.428147245679e-005 2.328809731956e-005 1.177525433490e-005 0.000000000000e+000
 0.000000000000e+000 1.299312653597e-005 2.557784254080e-005 3.735781804174e-005 4.796055273976e-005 5.704846537579e-005 6.685801358830e-005 7.767421063433e-005 8.663595015939e-005 9.355584111756e-005 9.829231182525e-005 1.007528119531e-004 1.008957781334e-004 9.873131495214e-005 9.432059654948e-005 8.777404551584e-005 7.924839050338e-005 6.894273815103e-005 5.709381603760e-005 4.397055058242e-005 2.986813806424e-005 1.510175097656e-005 0.000000000000e+000
 0.000000000000e+000 1.675248608719e-005 3.298051099106e-005 4.817507711923e-005 6.185770102897e-005 7.359463901948e-005 8.620345046354e-005 1.000502206615e-004 1.115168495340e-004 1.203625494053e-004 1.264055799535e-004 1.295274078110e-004 1.296752333741e-004 1.268628189979e-004 1.211696292709e-004 1.127383674462e-004 1.017710552893e-004 8.852385093302e-005 7.330082704553e-005 5.644693836439e-005 3.834039476422e-005 1.938462763831e-005 0.000000000000e+000
 0.000000000000e+000 2.160571720533e-005 4.253763275596e-005 6.214173025376e-005 7.980305405712e-005 9.496396177547e-005 1.111797175287e-004 1.289206499586e-004 1.436044880300e-004 1.549214911357e-004 1.626381171657e-004 1.666024485598e-004 1.667474500525e-004 1.630919674296e-004 1.557394870506e-004 1.448747812446e-004 1.307586546002e-004 1.137210723432e-004 9.415298881283e-005 7.249719926960e-005 4.923851359712e-005 2.489350194446e-005 0.000000000000e+000
 0.000000000000e+000 2.786711977016e-005 5.486840990560e-005 8.016332994353e-005 1.029612974497e-004 1.225451034831e-004 1.434064861176e-004 1.661496650369e-004 1.849642835780e-004 1.994515112742e-004 2.093109744265e-004 2.143478663646e-004 2.144771607709e-004 2.097248023187e-004 2.002259093223e-004 1.862201751272e-004 1.680447836081e-004 1.461252474789e-004 1.209646278164e-004 9.313159538584e-005 6.324775085108e-005 3.197454030670e-005 0.000000000000e+000
 0.000000000000e+000 3.594154436117e-005 7.077051272842e-005 1.034066020795e-004 1.328333161382e-004 1.581279902411e-004 1.849714374707e-004 2.141396682260e-004 2.382575948486e-004 2.568111664608e-004 2.694137155081e-004 2.758153220207e-004 2.759082815286e-004 2.697285018420e-004 2.574528881923e-004 2.393929961441e-004 2.159854162665e-004 1.877794872259e-004 1.554230024530e-004 1.196465729588e-004 8.124723619793e-005 4.107176955896e-005 0.000000000000e+000
 0.000000000000e+000 4.635018383942e-005 9.127095633561e-005 1.333739990593e-004 1.713523267194e-004 2.040187584193e-004 2.385645402402e-004 2.759858543171e-004 3.069129203559e-004 3.306824657783e-004 3.467962643211e-004 3.549335375580e-004 3.549580770501e-004 3.469198452087e-004 3.310511559898e-004 3.077578543334e-004 2.776061779435e-004 2.413061747467e-004 1.996926463554e-004 1.537045794433e-004 1.043639106400e-004 5.275426028136e-005 0.000000000000e+000
 0.000000000000e+000 5.976365909794e-005 1.176913934625e-004 1.719994406383e-004 2.210074311493e-004 2.631876316599e-004 3.076509605442e-004 3.556754139737e-004 3.953466787644e-004 4.258078785407e-004 4.464163386857e-004 4.567601090747e-004 4.566672752558e-004 4.462077281078e-004 4.256875641161e-004 3.956367450240e-004 3.567910231098e-004 3.100694107800e-004 2.565486152706e-004 1.974358471533e-004 1.340412326916e-004 6.775072835122e-005 0.000000000000e+000
 0.000000000000e+000 7.704440225165e-005 1.517318017451e-004 2.217711319170e-004 2.850022808505e-004 3.394590385929e-004 3.966936600168e-004 4.583442920403e-004 5.092479987727e-004 5.482961568650e-004 5.746586924657e-004 5.878062323048e-004 5.875223167716e-004 5.739052389991e-004 5.473598056882e-004 5.085799632637e-004 4.585237646843e-004 3.983825438797e-004 3.295463816961e-004 2.535679433149e-004 1.721265053012e-004 8.699347453083e-005 0.000000000000e+000
 0.000000000000e+000 9.930085695790e-005 1.955775833456e-004 2.858889175924e-004 3.674586366723e-004 4.377558871758e-004 5.114399007557e-004 5.906081878776e-004 6.559462286263e-004 7.060171622268e-004 7.397472301070e-004 7.564556538186e-004 7.558706882274e-004 7.381313099191e-004 7.037750561676e-004 6.537134278217e-004 5.891970012606e-004 5.117729561764e-004 4.232380726901e-004 3.255902924391e-004 2.209815787883e-004 1.116740212343e-004 0.000000000000e+000
 0.000000000000e+000 1.279566391312e-004 2.520363618777e-004 3.684655697967e-004 4.736772349581e-004 5.644132064924e-004 6.592899422118e-004 7.609893953741e-004 8.448854701653e-004 9.091119611688e-004 9.522773919335e-004 9.735055305840e-004 9.724564833195e-004 9.493277862224e-004 9.048364089297e-004 8.401837776124e-004 7.570068906499e-004 6.573193997009e-004 5.434471104952e-004 4.179625405265e-004 2.836227288673e-004 1.433133049730e-004 0.000000000000e+000
 0.000000000000e+000 1.648385333010e-004 3.247122716050e-004 4.747837639051e-004 6.104716289505e-004 7.275805319387e-004 8.497714470717e-004 9.804674842895e-004 1.088237783636e-003 1.170652438454e-003 1.225904518332e-003 1.252865211949e-003 1.251111407874e-003 1.220925321117e-003 1.163267814016e-003 1.079728527591e-003 9.724571180060e-004 8.440810137354e-004 6.976161305058e-004 5.363775392438e-004 3.638966612391e-004 1.838498178096e-004 0.000000000000e+000
 0.000000000000e+000 2.122880190917e-004 4.182272691630e-004 6.116232978293e-004 7.865946744875e-004 9.377376556154e-004 1.095149860423e-003 1.263190220110e-003 1.401696394674e-003 1.507495209674e-003 1.578234833067e-003 1.612459874166e-003 1.609646978114e-003 1.570201323247e-003 1.495417045952e-003 1.387406135056e-003 1.249001545777e-003 1.083641813913e-003 8.952463181099e-004 6.880918103349e-004 4.667007639864e-004 2.357496007004e-004 0.000000000000e+000
 0.000000000000e+000 2.733018598024e-004 5.385008677747e-004 7.876763180192e-004 1.013282157779e-003 1.208354945821e-003 1.411213765240e-003 1.627392210518e-003 1.805503103328e-003 1.941388582925e-003 2.031980104345e-003 2.075400254291e-003 2.071007415656e-003 2.019385967036e-003 1.922287642126e-003 1.782530513074e-003 1.603862717119e-003 1.390800035015e-003 1.148449951047e-003 8.823384192508e-004 5.982567120566e-004 3.021423461763e-004 0.000000000000e+000
 0.000000000000e+000 3.517079745839e-004 6.931014558629e-004 1.014071755554e-003 1.304943753009e-003 1.556737670301e-003 1.818285623715e-003 2.096583583591e-003 2.325781354262e-003 2.500409943457e-003 2.616456092307e-003 2.671498497154e-003 2.664760694468e-003 2.597088934601e-003 2.470865600219e-003 2.289867005273e-003 2.059073021976e-003 1.784438314541e-003 1.472641737286e-003 1.130838836661e-003 7.664469076863e-004 3.869878080726e-004 0.000000000000e+000
 0.000000000000e+000 4.523829977762e-004 8.916834701980e-004 1.305033393665e-003 1.680037951020e-003 2.005104033069e-003 2.342523403864e-003 2.701091123596e-003 2.996269864381e-003 3.220835921174e-003 3.369530065659e-003 3.439234649736e-003 3.429028559866e-003 3.340141299337e-003 3.175826069465e-003 2.941163089089e-003 2.642797514599e-003 2.288618364019e-003 1.887398008380e-003 1.448430781401e-003 9.812222015207e-004 4.952757404656e-004 0.000000000000e+000
 0.000000000000e+000 5.815168656932e-004 1.146524002360e-003 1.678697967356e-003 2.162174450556e-003 2.581959493902e-003 3.017599000611e-003 3.480062256497e-003 3.860584050292e-003 4.149581437053e-003 4.340155844860e-003 4.428310122508e-003 4.412986546035e-003 4.295975350258e-003 4.081731014200e-003 3.777108650972e-003 3.391013040028e-003 2.933952475036e-003 2.417514972618e-003 1.853826634510e-003 1.255085321142e-003 6.332597444846e-004 0.000000000000e+000
 0.000000000000e+000 7.469259911600e-004 1.473167604074e-003 2.158118303544e-003 2.781493845302e-003 3.323846212927e-003 3.886867936574e-003 4.484082415788e-003 4.975178073311e-003 5.347389549384e-003 5.591678196842e-003 5.702964983480e-003 5.680103547519e-003 5.525702188142e-003 5.245863449858e-003 4.849850204618e-003 4.349639190560e-003 3.759313891641e-003 3.094296131818e-003 2.370508758361e-003 1.603644482828e-003 8.087189043711e-004 0.000000000000e+000
 0.000000000000e+000 9.584072142227e-004 1.891174504084e-003 2.772467385969e-003 3.576378291092e-003 4.277567620491e-003 5.006186908046e-003 5.778616406212e-003 6.413246185534e-003 6.893016525910e-003 7.206144114165e-003 7.346286121016e-003 7.312338415499e-003 7.108095035604e-003 6.741891458828e-003 6.226225686224e-003 5.577246043926e-003 4.813958754835e-003 3.957090945134e-003 3.027748148016e-003 2.046210220546e-003 1.031227632181e-003 0.000000000000e+000
 0.000000000000e+000 1.228104244217e-003 2.424936086314e-003 3.558433516280e-003 4.595543997789e-003 5.503017087368e-003 6.447602039876e-003 7.448579116908e-003 8.269900064919e-003 8.888741759949e-003 9.289927590933e-003 9.465791886456e-003 9.415567871513e-003 9.144748071264e-003 8.664622584718e-003 7.991950684898e-003 7.148508767774e-003 6.160144364999e-003 5.055084744790e-003 3.861690113821e-003 2.606365137023e-003 1.312387678121e-003 0.000000000000e+000
 0.000000000000e+000 1.570816454403e-003 3.104454700223e-003 4.561736344427e-003 5.900547821328e-003 7.076782756218e-003 8.304244102003e-003 9.604499377792e-003 1.066910908331e-002 1.146764683123e-002 1.198105419130e-002 1.220063946451e-002 1.212658129663e-002 1.176675829063e-002 1.113620783975e-002 1.025709171702e-002 9.158655867242e-003 7.876343435445e-003 6.449289395301e-003 4.916363339216e-003 3.312351815441e-003 1.665926116891e-003 0.000000000000e+000
 0.000000000000e+000 2.004098303871e-003 3.965849104524e-003 5.838560956006e-003 7.568685476179e-003 9.096771733378e-003 1.069697932059e-002 1.239102265826e-002 1.377312652480e-002 1.480325632706e-002 1.545868931823e-002 1.573084673699e-002 1.562203038376e-002 1.514337009118e-002 1.431430332681e-002 1.316334591097e-002 1.172930296430e-002 1.006117611431e-002 8.214574563441e-003 6.244293353054e-003 4.196963622769e-003 2.107471400417e-003 0.000000000000e+000
 0.000000000000e+000 2.547846166140e-003 5.051080102261e-003 7.456423279133e-003 9.696118023158e-003 1.168822693290e-002 1.378380186066e-002 1.599903062520e-002 1.779549829750e-002 1.912230403014e-002 1.995529421283e-002 2.028891366884e-002 2.012973453764e-002 1.949311596130e-002 1.840292407381e-002 1.689399042644e-002 1.501636785827e-002 1.283822046243e-002 1.044134017479e-002 7.906050515064e-003 5.296325995951e-003 2.653659569930e-003 0.000000000000e+000
 0.000000000000e+000 3.222806543032e-003 6.405886076377e-003 9.493374916537e-003 1.240070362535e-002 1.501176504600e-002 1.777394913989e-002 2.068371386383e-002 2.301932076224e-002 2.472151711022e-002 2.577187398977e-002 2.617410248545e-002 2.594265564962e-002 2.509803354520e-002 2.366705397337e-002 2.168804069335e-002 1.922146257563e-002 1.636193264286e-002 1.323588528160e-002 9.967356154856e-003 6.646426469662e-003 3.319965010893e-003 0.000000000000e+000
 0.000000000000e+000 4.047035850764e-003 8.074016280626e-003 1.203316274812e-002 1.582305153277e-002 1.927456985006e-002 2.295124319937e-002 2.679311324953e-002 2.982315722392e-002 3.198917104077e-002 3.329637644225e-002 3.376930141678e-002 3.343556922709e-002 3.232139313543e-002 3.045245719541e-002 2.786151417558e-002 2.460993654548e-002 2.082499973430e-002 1.671719991786e-002 1.249094124511e-002 8.275373914571e-003 4.116298028914e-003 0.000000000000e+000
 0.000000000000e+000 5.028877729094e-003 1.008441307080e-002 1.515121071039e-002 2.012158917788e-002 2.474676973717e-002 2.971837247227e-002 3.481612853386e-002 3.871741552107e-002 4.143109616127e-002 4.302437716364e-002 4.355982303543e-002 4.308386845195e-002 4.162863702796e-002 3.921213732897e-002 3.584134701018e-002 3.154378264821e-002 2.646729812816e-002 2.100442023919e-002 1.551748907336e-002 1.018813089697e-002 5.039124123132e-003 0.000000000000e+000
 0.000000000000e+000 6.154991562056e-003 1.242631277927e-002 1.888066151100e-002 2.544924959784e-002 3.178578034056e-002 3.869729027246e-002 4.546732617401e-002 5.039142266812e-002 5.369715574414e-002 5.557946694489e-002 5.615301771212e-002 5.548314485493e-002 5.360900732077e-002 5.053859459852e-002 4.622182633445e-002 4.055369636527e-002 3.358438150279e-002 2.617944028743e-002 1.902457607847e-002 1.233949409594e-002 6.059287072024e-003 0.000000000000e+000
 0.000000000000e+000 7.373981471388e-003 1.500755043529e-002 2.313761918202e-002 3.187397730146e-002 4.086599519956e-002 5.100747994682e-002 5.983417641190e-002 6.575599574808e-002 6.959477849458e-002 7.172886309342e-002 7.229876757485e-002 7.136827089936e-002 6.899016924329e-002 6.518966194763e-002 5.985440720601e-002 5.253244925378e-002 4.251815245310e-002 3.218093761426e-002 2.284421190293e-002 1.459340858748e-002 7.107700845401e-003 0.000000000000e+000
 0.000000000000e+000 8.584022605155e-003 1.760238901872e-002 2.757472601530e-002 3.912642912235e-002 5.255903651687e-002 6.920013661772e-002 7.956641241820e-002 8.590763186787e-002 9.005898475691e-002 9.239208282281e-002 9.291799774281e-002 9.163581706962e-002 8.863075935078e-002 8.405621434199e-002 7.793503186101e-002 6.936378707409e-002 5.352327833368e-002 3.850529443767e-002 2.651732792918e-002 1.668233951628e-002 8.070391503474e-003 0.000000000000e+000
 0.000000000000e+000 9.651487467549e-003 1.984155526765e-002 3.136972078135e-002 4.582786852385e-002 6.706765260543e-002 1.009238445649e-001 1.065956449425e-001 1.117818391510e-001 1.160448629085e-001 1.186618447207e-001 1.191663092670e-001 1.173945000513e-001 1.134855221469e-001 1.079259745835e-001 1.016705731496e-001 9.631677535342e-002 6.589686449535e-002 4.338305350619e-002 2.912791480354e-002 1.823424333987e-002 8.823397321711e-003 0.000000000000e+000
 0.000000000000e+000 1.050842224337e-002 2.141703042767e-002 3.330097773465e-002 4.730534273207e-002 6.637257614614e-002 7.621970644147e-002 7.512658422558e-002 7.766692376456e-002 8.053047327597e-002 8.241779391178e-002 8.278058772506e-002 8.143775222025e-002 7.847255452158e-002 7.427440296460e-002 6.979158529957e-002 6.739953467839e-002 5.782633032071e-002 4.178614375181e-002 2.957483626932e-002 1.905315259996e-002 9.351791314363e-003 0.000000000000e+000
 0.000000000000e+000 1.132234819874e-002 2.274512286797e-002 3.424370407439e-002 4.532783843406e-002 5.379446429370e-002 4.015505525938e-002 4.209033107805e-002 4.536264101078e-002 4.819177418724e-002 4.994030272629e-002 5.034969512208e-002 4.932017966714e-002 4.684096953066e-002 4.296516531435e-002 3.779916112264e-002 3.149679086267e-002 4.179573373292e-002 3.807869004787e-002 2.954831411393e-002 1.983524564941e-002 9.915180891856e-003 0.000000000000e+000
 0.000000000000e+000 1.242068982573e-002 2.477050651139e-002 3.676480723361e-002 4.750851795666e-002 5.458673689257e-002 5.994282102997e-002 6.974844575301e-002 7.757073565435e-002 8.332240557226e-002 8.672281174010e-002 8.757030191856e-002 8.576700203068e-002 8.130432349119e-002 7.423775484942e-002 6.463720233365e-002 5.245527820682e-002 4.588686728182e-002 4.075044534526e-002 3.191957403360e-002 2.164000249521e-002 1.088141993784e-002 0.000000000000e+000
 0.000000000000e+000 1.401207893289e-002 2.799334584843e-002 4.178612166509e-002 5.496948502245e-002 6.682797084147e-002 8.157120359660e-002 9.717609601629e-002 1.093873734097e-001 1.181596671877e-001 1.233056751331e-001 1.246622380327e-001 1.221509786106e-001 1.157909874841e-001 1.056880394122e-001 9.200504558412e-002 7.491469180869e-002 5.957067621313e-002 4.879239503254e-002 3.705213497758e-002 2.481365330469e-002 1.241796350387e-002 0.000000000000e+000
 0.000000000000e+000 1.611054508454e-002 3.235615905033e-002 4.883714232272e-002 6.562372070556e-002 8.289837588551e-002 1.043726623889e-001 1.249130149159e-001 1.411710653232e-001 1.528728546412e-001 1.597642904978e-001 1.616652464073e-001 1.585066436164e-001 1.503454297635e-001 1.373638562634e-001 1.198600303142e-001 9.824244359541e-002 7.633464822221e-002 5.980277069051e-002 4.420658016328e-002 2.916490246047e-002 1.448743385317e-002 0.000000000000e+000
 0.000000000000e+000 1.862153341751e-002 3.758337600871e-002 5.724252304324e-002 7.802040393220e-002 1.005206819466e-001 1.278488896923e-001 1.529675262751e-001 1.730302819768e-001 1.875442471712e-001 1.961425048745e-001 1.985965966544e-001 1.948339561648e-001 1.849483031752e-001 1.692020291330e-001 1.480244466944e-001 1.220140186861e-001 9.426709532672e-002 7.233667651345e-002 5.262438115650e-002 3.435126536227e-002 1.696262355239e-002 0.000000000000e+000
 0.000000000000e+000 2.142515114081e-002 4.339073262612e-002 6.647482065263e-002 9.134657273938e-002 1.188458819079e-001 1.516772523539e-001 1.812227652753e-001 2.049463487586e-001 2.221787369783e-001 2.324393682868e-001 2.354412699885e-001 2.311002973532e-001 2.195415820760e-001 2.011010778632e-001 1.763234475853e-001 1.459594573080e-001 1.126638541363e-001 8.562709692457e-002 6.176702910581e-002 4.006575139846e-002 1.970933416492e-002 0.000000000000e+000
 0.000000000000e+000 2.441657094239e-002 4.955441656181e-002 7.617890709335e-002 1.051500183836e-001 1.374806141861e-001 1.756447318831e-001 2.095479658454e-001 2.368486619859e-001 2.567330829368e-001 2.686173905261e-001 2.721559672273e-001 2.672493121996e-001 2.540484518280e-001 2.329543518323e-001 2.046123437964e-001 1.699022139861e-001 1.312024917468e-001 9.926199635170e-002 7.129087859843e-002 4.608296590377e-002 2.261945146404e-002 0.000000000000e+000
 0.000000000000e+000 2.751662566694e-002 5.591579062673e-002 8.612566373123e-002 1.191679870988e-001 1.562079350960e-001 1.996025224791e-001 2.378247011770e-001 2.686497296800e-001 2.911388946984e-001 3.046152909725e-001 3.086777299230e-001 3.032101021926e-001 2.883851232046e-001 2.646616176056e-001 2.327750142026e-001 1.937208704408e-001 1.497083943059e-001 1.130093826206e-001 8.098315564160e-002 5.225081176001e-002 2.561566575766e-002 0.000000000000e+000
 0.000000000000e+000 3.066942033399e-002 6.236701217955e-002 9.616734739040e-002 1.332388039856e-001 1.748918600934e-001 2.234400718948e-001 2.659500867267e-001 3.002597817408e-001 3.253167952874e-001 3.403587311836e-001 3.449322008857e-001 3.389044262451e-001 3.224670453336e-001 2.961316838022e-001 2.607170008654e-001 2.173269701797e-001 1.680748346106e-001 1.267311704396e-001 9.071174925019e-002 5.847012428739e-002 2.864577048341e-002 0.000000000000e+000
 0.000000000000e+000 3.383648496997e-002 6.883532047156e-002 1.062065998099e-001 1.472567556684e-001 1.934385139925e-001 2.470704615709e-001 2.938345990072e-001 3.315923405467e-001 3.591842950990e-001 3.757677316595e-001 3.808398494113e-001 3.742516099354e-001 3.562119200465e-001 3.272819215378e-001 2.883592391025e-001 2.406521406866e-001 1.862300821594e-001 1.403401706435e-001 1.003928067631e-001 6.467658156993e-002 3.167526691871e-002 0.000000000000e+000
 0.000000000000e+000 3.699128783060e-002 7.527087027468e-002 1.161768960775e-001 1.611483038337e-001 2.117778833146e-001 2.704219747162e-001 3.213992662483e-001 3.625660235838e-001 3.926598880103e-001 4.107612716834e-001 4.163200880815e-001 4.091715861242e-001 3.895410209710e-001 3.580369921280e-001 3.156334390169e-001 2.636404762388e-001 2.041217436997e-001 1.537777096217e-001 1.099710914027e-001 7.082776695298e-002 3.468126999070e-002 0.000000000000e+000
 0.000000000000e+000 4.011511533686e-002 8.163840386226e-002 1.260306171910e-001 1.748590474561e-001 2.298543265788e-001 2.934330825261e-001 3.485733307065e-001 3.931048393729e-001 4.256650293519e-001 4.452599130068e-001 4.512937436087e-001 4.435866157783e-001 4.223796453673e-001 3.883275772201e-001 3.424789176168e-001 2.862439653564e-001 2.217085616739e-001 1.670014993440e-001 1.194083275299e-001 7.689471332163e-002 3.764821370231e-002 0.000000000000e+000
 0.000000000000e+000 4.319426657648e-002 8.791186974070e-002 1.357318522552e-001 1.883463321622e-001 2.476212962501e-001 3.160493771133e-001 3.752924992964e-001 4.231379188747e-001 4.581249692855e-001 4.791871626609e-001 4.856844004842e-001 4.774221533506e-001 4.546571370810e-001 4.180893279690e-001 3.688404887268e-001 3.084197239497e-001 2.389558770340e-001 1.799788555223e-001 1.286763305372e-001 8.285661931720e-002 4.056504614612e-002 0.000000000000e+000
 0.000000000000e+000 4.621823728444e-002 9.407104598978e-002 1.452520619611e-001 2.015749501070e-001 2.650382711707e-001 3.382216480641e-001 4.014976749936e-001 4.525990697027e-001 4.899689876775e-001 5.124700802349e-001 5.194190338871e-001 5.106071934063e-001 4.863067112371e-001 4.472620520925e-001 3.946670751693e-001 3.301283189503e-001 2.558330493373e-001 1.926828286428e-001 1.377529642677e-001 8.869762773909e-002 4.342347257025e-002 0.000000000000e+000
 0.000000000000e+000 4.917857619721e-002 1.000994526612e-001 1.545674596934e-001 2.145145880514e-001 2.820689192638e-001 3.599046492092e-001 4.271340413118e-001 4.814263094386e-001 5.211303312692e-001 5.450394571206e-001 5.524282236780e-001 5.430743231460e-001 5.172652019423e-001 4.757891018497e-001 4.199108009370e-001 3.513327578619e-001 2.723119761986e-001 2.050899733172e-001 1.466197651308e-001 9.440488997029e-002 4.621688197732e-002 0.000000000000e+000
 0.000000000000e+000 5.206817521906e-002 1.059830696138e-001 1.636574229894e-001 2.271382892406e-001 2.986799723883e-001 3.810562917713e-001 4.521503977800e-001 5.095614378475e-001 5.515460169196e-001 5.768297693587e-001 5.846461389075e-001 5.747596225052e-001 5.474727959097e-001 5.036169184444e-001 4.445263989889e-001 3.719978872872e-001 2.883662479299e-001 2.171790593565e-001 1.552605496642e-001 9.996741496893e-002 4.893970188844e-002 0.000000000000e+000
 0.000000000000e+000 5.488083177022e-002 1.117095502506e-001 1.725035245608e-001 2.394215142482e-001 3.148405249383e-001 4.016371065372e-001 4.764986731039e-001 5.369496672825e-001 5.811565885866e-001 6.077790235261e-001 6.160104093991e-001 6.056024970699e-001 5.768727832057e-001 5.306946947051e-001 4.684708261266e-001 3.920900430839e-001 3.039706744540e-001 2.289303315141e-001 1.636606033409e-001 1.053753911508e-001 5.158701527513e-002 0.000000000000e+000
 0.000000000000e+000 5.761097940117e-002 1.172677385373e-001 1.810889374033e-001 2.513415609336e-001 3.305215899724e-001 4.216098793154e-001 5.001335652088e-001 5.635393136739e-001 6.099058734344e-001 6.378285637642e-001 6.464619528490e-001 6.355454926106e-001 6.054113389276e-001 5.569741264811e-001 4.917030140932e-001 4.115768551741e-001 3.191010314794e-001 2.403250912176e-001 1.718062132544e-001 1.106197913032e-001 5.415433588785e-002 0.000000000000e+000
 0.000000000000e+000 6.025352172645e-002 1.226473711979e-001 1.893980670204e-001 2.628772024686e-001 3.456958147463e-001 4.409394003959e-001 5.230122732285e-001 5.892815437405e-001 6.377407590020e-001 6.669228769248e-001 6.759447955644e-001 6.645341174138e-001 6.330373401683e-001 5.824092306638e-001 5.141837107834e-001 4.304271470470e-001 3.337339355185e-001 2.513454676981e-001 1.796844041865e-001 1.156921460970e-001 5.663747848562e-002 0.000000000000e+000
 0.000000000000e+000 6.280372970572e-002 1.278388931998e-001 1.974163224837e-001 2.740084594304e-001 3.603372966608e-001 4.595922906755e-001 5.450942972538e-001 6.141301717117e-001 6.646110004885e-001 6.950094144018e-001 7.044059065316e-001 6.925166850094e-001 6.597022176536e-001 6.069562134741e-001 5.358753815064e-001 4.486108928380e-001 3.478467939133e-001 2.619743002739e-001 1.872827946999e-001 1.205844176111e-001 5.903248557708e-002 0.000000000000e+000
 0.000000000000e+000 6.525717785733e-002 1.328333428859e-001 2.051299730917e-001 2.847164553914e-001 3.744214636249e-001 4.775368805112e-001 5.663412888452e-001 6.380414984211e-001 6.904690602851e-001 7.220384386143e-001 7.317950536564e-001 7.194441820340e-001 6.853598390197e-001 6.305733768740e-001 5.567421505893e-001 4.660992090141e-001 3.614177977343e-001 2.721950853983e-001 1.945895237161e-001 1.252889318825e-001 6.133558761831e-002 0.000000000000e+000
 0.000000000000e+000 6.760970453173e-002 1.376222802407e-001 2.125260583500e-001 2.949833252535e-001 3.879249965324e-001 4.947431256405e-001 5.867169401338e-001 6.609741860239e-001 7.152699783383e-001 7.479628962060e-001 7.580646848755e-001 7.452701616352e-001 7.099664197181e-001 6.532210540128e-001 5.767497702879e-001 4.828643664542e-001 3.744259383992e-001 2.819919609130e-001 2.015932181149e-001 1.297983460332e-001 6.354318287642e-002 0.000000000000e+000
 0.000000000000e+000 6.985738717514e-002 1.421977421299e-001 2.195923315742e-001 3.047921574259e-001 4.008257798149e-001 5.111825496909e-001 6.061869025936e-001 6.828891622835e-001 7.389712702647e-001 7.727383169125e-001 7.831698335292e-001 7.699506605907e-001 7.334804573321e-001 6.748615668352e-001 5.958656082858e-001 4.988798141460e-001 3.868510366531e-001 2.913497111492e-001 2.082829838438e-001 1.341056354118e-001 6.565182873093e-002 0.000000000000e+000
 0.000000000000e+000 7.199652703028e-002 1.465522146060e-001 2.263172249864e-001 3.141269580767e-001 4.131028710725e-001 5.268282060911e-001 6.247187288138e-001 7.037495491498e-001 7.615328495299e-001 7.963227355516e-001 8.070680457600e-001 7.934441373223e-001 7.558626852987e-001 6.954592005963e-001 6.140586478709e-001 5.141202090893e-001 3.986737772375e-001 3.002537831961e-001 2.146484101457e-001 1.382040920956e-001 6.765823951626e-002 0.000000000000e+000
 0.000000000000e+000 7.402363984993e-002 1.506786161530e-001 2.326898287542e-001 3.229726300240e-001 4.247364838858e-001 5.416546543158e-001 6.422818321703e-001 7.235206111064e-001 7.829169699494e-001 8.186766340149e-001 8.297193270340e-001 8.157114276804e-001 7.770760424164e-001 7.149801912242e-001 6.312994967195e-001 5.285614490719e-001 4.098757453826e-001 3.086903086486e-001 2.206795807666e-001 1.420873296240e-001 6.955928799964e-002 0.000000000000e+000
 0.000000000000e+000 7.593545049019e-002 1.545702880360e-001 2.386998792036e-001 3.313149614760e-001 4.357079798520e-001 5.556379467979e-001 6.588474604330e-001 7.421697194425e-001 8.030881849989e-001 8.397629000656e-001 8.510861047471e-001 8.367157154402e-001 7.970856549784e-001 7.333927223660e-001 6.475604014381e-001 5.421807062794e-001 4.204394629353e-001 3.166461275220e-001 2.263670885355e-001 1.457492909387e-001 7.135200877783e-002 0.000000000000e+000
 0.000000000000e+000 7.772889003698e-002 1.582209893210e-001 2.443377531385e-001 3.391406214717e-001 4.459998671160e-001 5.687556237826e-001 6.743886801712e-001 7.596663292141e-001 8.220133207778e-001 8.595467999264e-001 8.711332040253e-001 8.564225147019e-001 8.158588288191e-001 7.506669296245e-001 6.628152658302e-001 5.549564604864e-001 4.303484229292e-001 3.241088124406e-001 2.317020512226e-001 1.491842577626e-001 7.303360258519e-002 0.000000000000e+000
 0.000000000000e+000 7.940109460057e-002 1.616248949907e-001 2.495944662557e-001 3.464371598949e-001 4.555958034589e-001 5.809867140489e-001 6.888803694525e-001 7.759819661756e-001 8.396614598612e-001 8.779959619423e-001 8.898278340950e-001 8.747996617051e-001 8.333650489854e-001 7.667749100161e-001 6.770396714135e-001 5.668685310732e-001 4.395871219855e-001 3.310666920425e-001 2.366761274759e-001 1.523868603934e-001 7.460144092769e-002 0.000000000000e+000
 0.000000000000e+000 8.094940521093e-002 1.647765961125e-001 2.544616742988e-001 3.531930105903e-001 4.644806025312e-001 5.923117398884e-001 7.022992168086e-001 7.910902214127e-001 8.560039336624e-001 8.950803689365e-001 9.071395829231e-001 8.918173139045e-001 8.495759851122e-001 7.816907350723e-001 6.902108990944e-001 5.778981074070e-001 4.481410902649e-001 3.375088730347e-001 2.412815321682e-001 1.553520873308e-001 7.605307070801e-002 0.000000000000e+000
 0.000000000000e+000 8.237136843283e-002 1.676711013528e-001 2.589316760154e-001 3.593974965293e-001 4.726402421727e-001 6.027127250717e-001 7.146237248220e-001 8.049667517809e-001 8.710143212850e-001 9.107723572157e-001 9.230404181437e-001 9.074479544729e-001 8.644655009047e-001 7.953904663248e-001 7.023079511817e-001 5.880277773113e-001 4.559969188811e-001 3.434252606193e-001 2.455110507940e-001 1.580752944175e-001 7.738621865448e-002 0.000000000000e+000
 0.000000000000e+000 8.366473743791e-002 1.703038393433e-001 2.629974172517e-001 3.650408362578e-001 4.800618740095e-001 6.121732047860e-001 7.258342169877e-001 8.175892845764e-001 8.846684531602e-001 9.250466204848e-001 9.375046925870e-001 9.216664006855e-001 8.780096664041e-001 8.078521721572e-001 7.133115731107e-001 5.972415534595e-001 4.631422847838e-001 3.488065771687e-001 2.493580527383e-001 1.605522133244e-001 7.859879545332e-002 0.000000000000e+000
 0.000000000000e+000 8.482747334743e-002 1.726706615475e-001 2.666524956995e-001 3.701141510474e-001 4.867338336951e-001 6.206782367241e-001 7.359128467473e-001 8.289376251330e-001 8.969444180457e-001 9.378802172107e-001 9.505091529954e-001 9.344498148924e-001 8.901867719426e-001 8.190559451991e-001 7.232042743911e-001 6.055248975938e-001 4.695659731666e-001 3.536443791206e-001 2.528165033383e-001 1.627789592974e-001 7.968889953322e-002 0.000000000000e+000
 0.000000000000e+000 8.585774671031e-002 1.747678453686e-001 2.698911659330e-001 3.746094723094e-001 4.926456512975e-001 6.282144126619e-001 7.448436077917e-001 8.389936662632e-001 9.078225721969e-001 9.492525802151e-001 9.620329507436e-001 9.457777170057e-001 9.009773428880e-001 8.289839195986e-001 7.319703484002e-001 6.128647425102e-001 4.752578974763e-001 3.579310721056e-001 2.558809747161e-001 1.647520381347e-001 8.065482048010e-002 0.000000000000e+000
 0.000000000000e+000 8.675393901589e-002 1.765920973015e-001 2.727083444579e-001 3.785197489256e-001 4.977880614317e-001 6.347698699823e-001 7.526123448904e-001 8.477413986558e-001 9.172855497324e-001 9.591455274854e-001 9.720576535852e-001 9.556319976145e-001 9.103641544390e-001 8.376202876326e-001 7.395958907167e-001 6.192495117762e-001 4.802091171032e-001 3.616599243423e-001 2.585466553882e-001 1.664683523862e-001 8.149504207486e-002 0.000000000000e+000
 0.000000000000e+000 8.751464416477e-002 1.781405559843e-001 2.750996145600e-001 3.818388542265e-001 5.021530128188e-001 6.403343027070e-001 7.592067646428e-001 8.551669214971e-001 9.253182733827e-001 9.675432733697e-001 9.805672576185e-001 9.639969309991e-001 9.183322458680e-001 8.449513152148e-001 7.460688157572e-001 6.246691371575e-001 4.844118528246e-001 3.648250783426e-001 2.608093586716e-001 1.679252067815e-001 8.220824495522e-002 0.000000000000e+000
 0.000000000000e+000 8.813866983936e-002 1.794107950305e-001 2.770612307857e-001 3.845615924028e-001 5.057336770150e-001 6.448989716795e-001 7.646164456586e-001 8.612584527219e-001 9.319079649669e-001 9.744324394775e-001 9.875481988142e-001 9.708591874517e-001 9.248689337219e-001 8.509653559522e-001 7.513788715237e-001 6.291150737413e-001 4.878595000686e-001 3.674215609692e-001 2.626655299104e-001 1.691203129000e-001 8.279330890645e-002 0.000000000000e+000
 0.000000000000e+000 8.862503872881e-002 1.804008255555e-001 2.785901229245e-001 3.866837041802e-001 5.085244561043e-001 6.484567136139e-001 7.688328477713e-001 8.660063384137e-001 9.370441550628e-001 9.798020647353e-001 9.929893635747e-001 9.762078444254e-001 9.299638235861e-001 8.556528634631e-001 7.555176523094e-001 6.325803127457e-001 4.905466400516e-001 3.694452918823e-001 2.641122525480e-001 1.700517930950e-001 8.324931478698e-002 0.000000000000e+000
 0.000000000000e+000 8.897298957343e-002 1.811090983274e-001 2.796838993915e-001 3.882018716262e-001 5.105209891946e-001 6.510019487822e-001 7.718493199708e-001 8.694030609745e-001 9.407186914491e-001 9.836436141623e-001 9.968820979018e-001 9.800343961308e-001 9.336088201004e-001 8.590064017359e-001 7.584786092432e-001 6.350593920088e-001 4.924690488343e-001 3.708930904087e-001 2.651472530644e-001 1.707181836859e-001 8.357554609486e-002 0.000000000000e+000
 0.000000000000e+000 8.918197800232e-002 1.815345054900e-001 2.803408499328e-001 3.891137219870e-001 5.117201575916e-001 6.525306871640e-001 7.736611068100e-001 8.714432457665e-001 9.429257459916e-001 9.859509860253e-001 9.992202148470e-001 9.823327612879e-001 9.357981349848e-001 8.610206533534e-001 7.602570585816e-001 6.365484041521e-001 4.936237043315e-001 3.717626808575e-001 2.657689047984e-001 1.711184374290e-001 8.377149018049e-002 0.000000000000e+000
 0.000000000000e+000 8.925167714479e-002 1.816763818198e-001 2.805599475970e-001 3.894178304797e-001 5.121200885575e-001 6.530405329295e-001 7.742653531061e-001 8.721236660073e-001 9.436618197293e-001 9.867205171231e-001 1.000000000000e+000 9.830992888126e-001 9.365282928951e-001 8.616924254558e-001 7.608501876778e-001 6.370450024141e-001 4.940087913013e-001 3.720526963046e-001 2.659762306679e-001 1.712519252766e-001 8.383683910972e-002 0.000000000000e+000
 0.000000000000e+000 8.918197800233e-002 1.815345054900e-001 2.803408499328e-001 3.891137219870e-001 5.117201575916e-001 6.525306871640e-001 7.736611068100e-001 8.714432457665e-001 9.429257459917e-001 9.859509860253e-001 9.992202148471e-001 9.823327612880e-001 9.357981349849e-001 8.610206533534e-001 7.602570585817e-001 6.365484041521e-001 4.936237043315e-001 3.717626808575e-001 2.657689047984e-001 1.711184374290e-001 8.377149018050e-002 0.000000000000e+000
 0.000000000000e+000 8.897298957344e-002 1.811090983274e-001 2.796838993915e-001 3.882018716262e-001 5.105209891946e-001 6.510019487823e-001 7.718493199709e-001 8.694030609746e-001 9.407186914492e-001 9.836436141624e-001 9.968820979019e-001 9.800343961309e-001 9.336088201005e-001 8.590064017360e-001 7.584786092433e-001 6.350593920088e-001 4.924690488343e-001 3.708930904087e-001 2.651472530644e-001 1.707181836859e-001 8.357554609486e-002 0.000000000000e+000
 0.000000000000e+000 8.862503872882e-002 1.804008255555e-001 2.785901229245e-001 3.866837041803e-001 5.085244561043e-001 6.484567136140e-001 7.688328477714e-001 8.660063384138e-001 9.370441550629e-001 9.798020647355e-001 9.929893635748e-001 9.762078444255e-001 9.299638235862e-001 8.556528634632e-001 7.555176523095e-001 6.325803127457e-001 4.905466400517e-001 3.694452918824e-001 2.641122525481e-001 1.700517930951e-001 8.324931478698e-002 0.000000000000e+000
 0.000000000000e+000 8.813866983937e-002 1.794107950306e-001 2.770612307857e-001 3.845615924029e-001 5.057336770150e-001 6.448989716796e-001 7.646164456587e-001 8.612584527220e-001 9.319079649670e-001 9.744324394776e-001 9.875481988144e-001 9.708591874519e-001 9.248689337221e-001 8.509653559523e-001 7.513788715239e-001 6.291150737414e-001 4.878595000687e-001 3.674215609692e-001 2.626655299105e-001 1.691203129001e-001 8.279330890646e-002 0.000000000000e+000
 0.000000000000e+000 8.751464416478e-002 1.781405559844e-001 2.750996145600e-001 3.818388542266e-001 5.021530128189e-001 6.403343027071e-001 7.592067646429e-001 8.551669214973e-001 9.253182733828e-001 9.675432733699e-001 9.805672576187e-001 9.639969309993e-001 9.183322458682e-001 8.449513152150e-001 7.460688157573e-001 6.246691371576e-001 4.844118528247e-001 3.648250783427e-001 2.608093586716e-001 1.679252067815e-001 8.220824495523e-002 0.000000000000e+000
 0.000000000000e+000 8.675393901591e-002 1.765920973016e-001 2.727083444579e-001 3.785197489257e-001 4.977880614318e-001 6.347698699825e-001 7.526123448905e-001 8.477413986560e-001 9.172855497326e-001 9.591455274856e-001 9.720576535855e-001 9.556319976147e-001 9.103641544392e-001 8.376202876328e-001 7.395958907169e-001 6.192495117764e-001 4.802091171033e-001 3.616599243424e-001 2.585466553883e-001 1.664683523862e-001 8.149504207488e-002 0.000000000000e+000
 0.000000000000e+000 8.585774671034e-002 1.747678453686e-001 2.698911659330e-001 3.746094723095e-001 4.926456512977e-001 6.282144126621e-001 7.448436077919e-001 8.389936662634e-001 9.078225721972e-001 9.492525802154e-001 9.620329507439e-001 9.457777170060e-001 9.009773428883e-001 8.289839195989e-001 7.319703484004e-001 6.128647425104e-001 4.752578974764e-001 3.579310721057e-001 2.558809747162e-001 1.647520381348e-001 8.065482048012e-002 0.000000000000e+000
 0.000000000000e+000 8.482747334745e-002 1.726706615476e-001 2.666524956996e-001 3.701141510475e-001 4.867338336953e-001 6.206782367243e-001 7.359128467475e-001 8.289376251332e-001 8.969444180460e-001 9.378802172110e-001 9.505091529957e-001 9.344498148927e-001 8.901867719429e-001 8.190559451993e-001 7.232042743913e-001 6.055248975940e-001 4.695659731667e-001 3.536443791207e-001 2.528165033383e-001 1.627789592974e-001 7.968889953324e-002 0.000000000000e+000
 0.000000000000e+000 8.366473743795e-002 1.703038393433e-001 2.629974172518e-001 3.650408362579e-001 4.800618740096e-001 6.121732047862e-001 7.258342169880e-001 8.175892845767e-001 8.846684531605e-001 9.250466204851e-001 9.375046925873e-001 9.216664006859e-001 8.780096664045e-001 8.078521721575e-001 7.133115731109e-001 5.972415534597e-001 4.631422847840e-001 3.488065771688e-001 2.493580527383e-001 1.605522133245e-001 7.859879545335e-002 0.000000000000e+000
 0.000000000000e+000 8.237136843287e-002 1.676711013529e-001 2.589316760155e-001 3.593974965295e-001 4.726402421729e-001 6.027127250720e-001 7.146237248223e-001 8.049667517812e-001 8.710143212853e-001 9.107723572161e-001 9.230404181441e-001 9.074479544733e-001 8.644655009051e-001 7.953904663252e-001 7.023079511820e-001 5.880277773115e-001 4.559969188813e-001 3.434252606194e-001 2.455110507941e-001 1.580752944176e-001 7.738621865452e-002 0.000000000000e+000
 0.000000000000e+000 8.094940521097e-002 1.647765961126e-001 2.544616742990e-001 3.531930105905e-001 4.644806025314e-001 5.923117398887e-001 7.022992168089e-001 7.910902214130e-001 8.560039336628e-001 8.950803689369e-001 9.071395829235e-001 8.918173139049e-001 8.495759851126e-001 7.816907350726e-001 6.902108990947e-001 5.778981074073e-001 4.481410902651e-001 3.375088730349e-001 2.412815321683e-001 1.553520873308e-001 7.605307070804e-002 0.000000000000e+000
 0.000000000000e+000 7.940109460061e-002 1.616248949907e-001 2.495944662558e-001 3.464371598951e-001 4.555958034591e-001 5.809867140492e-001 6.888803694528e-001 7.759819661760e-001 8.396614598616e-001 8.779959619427e-001 8.898278340955e-001 8.747996617055e-001 8.333650489858e-001 7.667749100165e-001 6.770396714138e-001 5.668685310735e-001 4.395871219858e-001 3.310666920426e-001 2.366761274760e-001 1.523868603935e-001 7.460144092773e-002 0.000000000000e+000
 0.000000000000e+000 7.772889003703e-002 1.582209893211e-001 2.443377531386e-001 3.391406214719e-001 4.459998671162e-001 5.687556237830e-001 6.743886801716e-001 7.596663292145e-001 8.220133207783e-001 8.595467999269e-001 8.711332040258e-001 8.564225147024e-001 8.158588288195e-001 7.506669296250e-001 6.628152658306e-001 5.549564604867e-001 4.303484229295e-001 3.241088124408e-001 2.317020512227e-001 1.491842577627e-001 7.303360258524e-002 0.000000000000e+000
 0.000000000000e+000 7.593545049024e-002 1.545702880361e-001 2.386998792038e-001 3.313149614762e-001 4.357079798522e-001 5.556379467982e-001 6.588474604334e-001 7.421697194430e-001 8.030881849994e-001 8.397629000661e-001 8.510861047476e-001 8.367157154406e-001 7.970856549788e-001 7.333927223664e-001 6.475604014384e-001 5.421807062797e-001 4.204394629356e-001 3.166461275222e-001 2.263670885357e-001 1.457492909388e-001 7.135200877789e-002 0.000000000000e+000
 0.000000000000e+000 7.402363984998e-002 1.506786161531e-001 2.326898287544e-001 3.229726300242e-001 4.247364838861e-001 5.416546543162e-001 6.422818321708e-001 7.235206111069e-001 7.829169699499e-001 8.186766340154e-001 8.297193270345e-001 8.157114276809e-001 7.770760424169e-001 7.149801912247e-001 6.312994967199e-001 5.285614490723e-001 4.098757453829e-001 3.086903086488e-001 2.206795807668e-001 1.420873296241e-001 6.955928799969e-002 0.000000000000e+000
 0.000000000000e+000 7.199652703035e-002 1.465522146061e-001 2.263172249866e-001 3.141269580769e-001 4.131028710728e-001 5.268282060915e-001 6.247187288142e-001 7.037495491503e-001 7.615328495305e-001 7.963227355521e-001 8.070680457606e-001 7.934441373229e-001 7.558626852992e-001 6.954592005968e-001 6.140586478714e-001 5.141202090896e-001 3.986737772378e-001 3.002537831964e-001 2.146484101459e-001 1.382040920957e-001 6.765823951631e-002 0.000000000000e+000
 0.000000000000e+000 6.985738717520e-002 1.421977421300e-001 2.195923315744e-001 3.047921574261e-001 4.008257798152e-001 5.111825496913e-001 6.061869025941e-001 6.828891622840e-001 7.389712702652e-001 7.727383169131e-001 7.831698335298e-001 7.699506605912e-001 7.334804573327e-001 6.748615668357e-001 5.958656082863e-001 4.988798141464e-001 3.868510366534e-001 2.913497111495e-001 2.082829838440e-001 1.341056354119e-001 6.565182873099e-002 0.000000000000e+000
 0.000000000000e+000 6.760970453180e-002 1.376222802409e-001 2.125260583502e-001 2.949833252538e-001 3.879249965327e-001 4.947431256409e-001 5.867169401343e-001 6.609741860245e-001 7.152699783389e-001 7.479628962065e-001 7.580646848761e-001 7.452701616357e-001 7.099664197187e-001 6.532210540133e-001 5.767497702884e-001 4.828643664546e-001 3.744259383995e-001 2.819919609133e-001 2.015932181151e-001 1.297983460333e-001 6.354318287648e-002 0.000000000000e+000
 0.000000000000e+000 6.525717785740e-002 1.328333428861e-001 2.051299730919e-001 2.847164553917e-001 3.744214636253e-001 4.775368805117e-001 5.663412888457e-001 6.380414984216e-001 6.904690602857e-001 7.220384386149e-001 7.317950536570e-001 7.194441820346e-001 6.853598390203e-001 6.305733768745e-001 5.567421505897e-001 4.660992090145e-001 3.614177977346e-001 2.721950853985e-001 1.945895237163e-001 1.252889318827e-001 6.133558761837e-002 0.000000000000e+000
 0.000000000000e+000 6.280372970579e-002 1.278388931999e-001 1.974163224839e-001 2.740084594307e-001 3.603372966612e-001 4.595922906760e-001 5.450942972543e-001 6.141301717122e-001 6.646110004891e-001 6.950094144024e-001 7.044059065322e-001 6.925166850100e-001 6.597022176542e-001 6.069562134746e-001 5.358753815068e-001 4.486108928384e-001 3.478467939136e-001 2.619743002742e-001 1.872827947000e-001 1.205844176112e-001 5.903248557713e-002 0.000000000000e+000
 0.000000000000e+000 6.025352172652e-002 1.226473711980e-001 1.893980670206e-001 2.628772024689e-001 3.456958147467e-001 4.409394003964e-001 5.230122732290e-001 5.892815437411e-001 6.377407590026e-001 6.669228769254e-001 6.759447955650e-001 6.645341174144e-001 6.330373401689e-001 5.824092306643e-001 5.141837107839e-001 4.304271470474e-001 3.337339355188e-001 2.513454676984e-001 1.796844041866e-001 1.156921460971e-001 5.663747848568e-002 0.000000000000e+000
 0.000000000000e+000 5.761097940124e-002 1.172677385375e-001 1.810889374035e-001 2.513415609339e-001 3.305215899728e-001 4.216098793159e-001 5.001335652093e-001 5.635393136744e-001 6.099058734350e-001 6.378285637648e-001 6.464619528496e-001 6.355454926112e-001 6.054113389281e-001 5.569741264816e-001 4.917030140936e-001 4.115768551745e-001 3.191010314797e-001 2.403250912178e-001 1.718062132546e-001 1.106197913033e-001 5.415433588791e-002 0.000000000000e+000
 0.000000000000e+000 5.488083177029e-002 1.117095502508e-001 1.725035245610e-001 2.394215142485e-001 3.148405249387e-001 4.016371065376e-001 4.764986731044e-001 5.369496672831e-001 5.811565885872e-001 6.077790235267e-001 6.160104093997e-001 6.056024970705e-001 5.768727832062e-001 5.306946947056e-001 4.684708261271e-001 3.920900430842e-001 3.039706744543e-001 2.289303315143e-001 1.636606033411e-001 1.053753911509e-001 5.158701527518e-002 0.000000000000e+000
 0.000000000000e+000 5.206817521913e-002 1.059830696139e-001 1.636574229896e-001 2.271382892408e-001 2.986799723887e-001 3.810562917717e-001 4.521503977804e-001 5.095614378481e-001 5.515460169202e-001 5.768297693593e-001 5.846461389081e-001 5.747596225058e-001 5.474727959102e-001 5.036169184449e-001 4.445263989893e-001 3.719978872876e-001 2.883662479302e-001 2.171790593568e-001 1.552605496644e-001 9.996741496905e-002 4.893970188849e-002 0.000000000000e+000
 0.000000000000e+000 4.917857619728e-002 1.000994526613e-001 1.545674596936e-001 2.145145880517e-001 2.820689192641e-001 3.599046492096e-001 4.271340413122e-001 4.814263094391e-001 5.211303312698e-001 5.450394571211e-001 5.524282236786e-001 5.430743231465e-001 5.172652019428e-001 4.757891018502e-001 4.199108009374e-001 3.513327578623e-001 2.723119761989e-001 2.050899733174e-001 1.466197651310e-001 9.440488997040e-002 4.621688197737e-002 0.000000000000e+000
 0.000000000000e+000 4.621823728450e-002 9.407104598991e-002 1.452520619613e-001 2.015749501073e-001 2.650382711710e-001 3.382216480645e-001 4.014976749941e-001 4.525990697032e-001 4.899689876780e-001 5.124700802354e-001 5.194190338876e-001 5.106071934068e-001 4.863067112376e-001 4.472620520930e-001 3.946670751697e-001 3.301283189506e-001 2.558330493376e-001 1.926828286431e-001 1.377529642679e-001 8.869762773920e-002 4.342347257031e-002 0.000000000000e+000
 0.000000000000e+000 4.319426657654e-002 8.791186974082e-002 1.357318522554e-001 1.883463321624e-001 2.476212962504e-001 3.160493771137e-001 3.752924992969e-001 4.231379188752e-001 4.581249692860e-001 4.791871626614e-001 4.856844004847e-001 4.774221533511e-001 4.546571370815e-001 4.180893279694e-001 3.688404887272e-001 3.084197239501e-001 2.389558770343e-001 1.799788555225e-001 1.286763305373e-001 8.285661931730e-002 4.056504614617e-002 0.000000000000e+000
 0.000000000000e+000 4.011511533691e-002 8.163840386238e-002 1.260306171912e-001 1.748590474564e-001 2.298543265791e-001 2.934330825264e-001 3.485733307069e-001 3.931048393733e-001 4.256650293524e-001 4.452599130073e-001 4.512937436092e-001 4.435866157788e-001 4.223796453677e-001 3.883275772205e-001 3.424789176172e-001 2.862439653567e-001 2.217085616741e-001 1.670014993442e-001 1.194083275301e-001 7.689471332172e-002 3.764821370236e-002 0.000000000000e+000
 0.000000000000e+000 3.699128783065e-002 7.527087027479e-002 1.161768960776e-001 1.611483038339e-001 2.117778833149e-001 2.704219747165e-001 3.213992662487e-001 3.625660235842e-001 3.926598880107e-001 4.107612716839e-001 4.163200880819e-001 4.091715861246e-001 3.895410209714e-001 3.580369921283e-001 3.156334390173e-001 2.636404762391e-001 2.041217437000e-001 1.537777096219e-001 1.099710914028e-001 7.082776695307e-002 3.468126999074e-002 0.000000000000e+000
 0.000000000000e+000 3.383648497002e-002 6.883532047165e-002 1.062065998101e-001 1.472567556686e-001 1.934385139928e-001 2.470704615712e-001 2.938345990076e-001 3.315923405471e-001 3.591842950994e-001 3.757677316599e-001 3.808398494117e-001 3.742516099358e-001 3.562119200469e-001 3.272819215382e-001 2.883592391028e-001 2.406521406868e-001 1.862300821597e-001 1.403401706436e-001 1.003928067633e-001 6.467658157001e-002 3.167526691875e-002 0.000000000000e+000
 0.000000000000e+000 3.066942033403e-002 6.236701217964e-002 9.616734739053e-002 1.332388039858e-001 1.748918600936e-001 2.234400718951e-001 2.659500867270e-001 3.002597817411e-001 3.253167952878e-001 3.403587311840e-001 3.449322008861e-001 3.389044262455e-001 3.224670453340e-001 2.961316838025e-001 2.607170008657e-001 2.173269701799e-001 1.680748346108e-001 1.267311704397e-001 9.071174925030e-002 5.847012428747e-002 2.864577048345e-002 0.000000000000e+000
 0.000000000000e+000 2.751662566698e-002 5.591579062681e-002 8.612566373134e-002 1.191679870989e-001 1.562079350962e-001 1.996025224793e-001 2.378247011773e-001 2.686497296804e-001 2.911388946987e-001 3.046152909729e-001 3.086777299234e-001 3.032101021930e-001 2.883851232049e-001 2.646616176059e-001 2.327750142028e-001 1.937208704410e-001 1.497083943061e-001 1.130093826207e-001 8.098315564169e-002 5.225081176007e-002 2.561566575769e-002 0.000000000000e+000
 0.000000000000e+000 2.441657094242e-002 4.955441656188e-002 7.617890709346e-002 1.051500183838e-001 1.374806141862e-001 1.756447318833e-001 2.095479658456e-001 2.368486619862e-001 2.567330829371e-001 2.686173905264e-001 2.721559672276e-001 2.672493121999e-001 2.540484518283e-001 2.329543518326e-001 2.046123437967e-001 1.699022139863e-001 1.312024917470e-001 9.926199635181e-002 7.129087859851e-002 4.608296590383e-002 2.261945146406e-002 0.000000000000e+000
 0.000000000000e+000 2.142515114084e-002 4.339073262618e-002 6.647482065272e-002 9.134657273950e-002 1.188458819081e-001 1.516772523540e-001 1.812227652755e-001 2.049463487588e-001 2.221787369786e-001 2.324393682871e-001 2.354412699888e-001 2.311002973535e-001 2.195415820763e-001 2.011010778634e-001 1.763234475855e-001 1.459594573082e-001 1.126638541364e-001 8.562709692467e-002 6.176702910588e-002 4.006575139851e-002 1.970933416495e-002 0.000000000000e+000
 0.000000000000e+000 1.862153341754e-002 3.758337600876e-002 5.724252304332e-002 7.802040393231e-002 1.005206819467e-001 1.278488896924e-001 1.529675262753e-001 1.730302819770e-001 1.875442471715e-001 1.961425048747e-001 1.985965966546e-001 1.948339561650e-001 1.849483031754e-001 1.692020291332e-001 1.480244466946e-001 1.220140186863e-001 9.426709532684e-002 7.233667651354e-002 5.262438115657e-002 3.435126536231e-002 1.696262355241e-002 0.000000000000e+000
 0.000000000000e+000 1.611054508456e-002 3.235615905037e-002 4.883714232279e-002 6.562372070565e-002 8.289837588562e-002 1.043726623890e-001 1.249130149161e-001 1.411710653234e-001 1.528728546414e-001 1.597642904980e-001 1.616652464075e-001 1.585066436166e-001 1.503454297637e-001 1.373638562636e-001 1.198600303144e-001 9.824244359553e-002 7.633464822230e-002 5.980277069058e-002 4.420658016334e-002 2.916490246051e-002 1.448743385319e-002 0.000000000000e+000
 0.000000000000e+000 1.401207893291e-002 2.799334584847e-002 4.178612166515e-002 5.496948502253e-002 6.682797084156e-002 8.157120359670e-002 9.717609601641e-002 1.093873734098e-001 1.181596671879e-001 1.233056751333e-001 1.246622380328e-001 1.221509786108e-001 1.157909874842e-001 1.056880394123e-001 9.200504558423e-002 7.491469180878e-002 5.957067621320e-002 4.879239503261e-002 3.705213497763e-002 2.481365330472e-002 1.241796350389e-002 0.000000000000e+000
 0.000000000000e+000 1.242068982575e-002 2.477050651143e-002 3.676480723366e-002 4.750851795674e-002 5.458673689264e-002 5.994282103005e-002 6.974844575310e-002 7.757073565445e-002 8.332240557236e-002 8.672281174020e-002 8.757030191866e-002 8.576700203078e-002 8.130432349128e-002 7.423775484950e-002 6.463720233373e-002 5.245527820689e-002 4.588686728188e-002 4.075044534531e-002 3.191957403365e-002 2.164000249524e-002 1.088141993786e-002 0.000000000000e+000
 0.000000000000e+000 1.132234819876e-002 2.274512286801e-002 3.424370407444e-002 4.532783843413e-002 5.379446429379e-002 4.015505525944e-002 4.209033107811e-002 4.536264101084e-002 4.819177418730e-002 4.994030272635e-002 5.034969512214e-002 4.932017966720e-002 4.684096953072e-002 4.296516531440e-002 3.779916112269e-002 3.149679086271e-002 4.179573373298e-002 3.807869004792e-002 2.954831411397e-002 1.983524564944e-002 9.915180891870e-003 0.000000000000e+000
 0.000000000000e+000 1.050842224339e-002 2.141703042771e-002 3.330097773470e-002 4.730534273215e-002 6.637257614625e-002 7.621970644159e-002 7.512658422569e-002 7.766692376467e-002 8.053047327608e-002 8.241779391190e-002 8.278058772518e-002 8.143775222036e-002 7.847255452169e-002 7.427440296471e-002 6.979158529967e-002 6.739953467848e-002 5.782633032080e-002 4.178614375187e-002 2.957483626937e-002 1.905315259999e-002 9.351791314377e-003 0.000000000000e+000
 0.000000000000e+000 9.651487467566e-003 1.984155526769e-002 3.136972078141e-002 4.582786852393e-002 6.706765260554e-002 1.009238445651e-001 1.065956449426e-001 1.117818391512e-001 1.160448629087e-001 1.186618447209e-001 1.191663092672e-001 1.173945000515e-001 1.134855221471e-001 1.079259745837e-001 1.016705731498e-001 9.631677535356e-002 6.589686449545e-002 4.338305350625e-002 2.912791480359e-002 1.823424333990e-002 8.823397321724e-003 0.000000000000e+000
 0.000000000000e+000 8.584022605170e-003 1.760238901875e-002 2.757472601535e-002 3.912642912242e-002 5.255903651696e-002 6.920013661783e-002 7.956641241833e-002 8.590763186801e-002 9.005898475705e-002 9.239208282296e-002 9.291799774295e-002 9.163581706976e-002 8.863075935092e-002 8.405621434212e-002 7.793503186113e-002 6.936378707420e-002 5.352327833376e-002 3.850529443773e-002 2.651732792922e-002 1.668233951630e-002 8.070391503486e-003 0.000000000000e+000
 0.000000000000e+000 7.373981471402e-003 1.500755043532e-002 2.313761918207e-002 3.187397730152e-002 4.086599519963e-002 5.100747994691e-002 5.983417641200e-002 6.575599574820e-002 6.959477849470e-002 7.172886309354e-002 7.229876757497e-002 7.136827089947e-002 6.899016924339e-002 6.518966194773e-002 5.985440720610e-002 5.253244925386e-002 4.251815245316e-002 3.218093761431e-002 2.284421190297e-002 1.459340858751e-002 7.107700845413e-003 0.000000000000e+000
 0.000000000000e+000 6.154991562068e-003 1.242631277929e-002 1.888066151104e-002 2.544924959789e-002 3.178578034062e-002 3.869729027254e-002 4.546732617409e-002 5.039142266821e-002 5.369715574423e-002 5.557946694498e-002 5.615301771221e-002 5.548314485502e-002 5.360900732086e-002 5.053859459860e-002 4.622182633452e-002 4.055369636534e-002 3.358438150284e-002 2.617944028747e-002 1.902457607851e-002 1.233949409596e-002 6.059287072034e-003 0.000000000000e+000
 0.000000000000e+000 5.028877729104e-003 1.008441307082e-002 1.515121071042e-002 2.012158917792e-002 2.474676973722e-002 2.971837247233e-002 3.481612853393e-002 3.871741552115e-002 4.143109616135e-002 4.302437716372e-002 4.355982303551e-002 4.308386845202e-002 4.162863702803e-002 3.921213732903e-002 3.584134701024e-002 3.154378264827e-002 2.646729812820e-002 2.100442023923e-002 1.551748907339e-002 1.018813089698e-002 5.039124123140e-003 0.000000000000e+000
 0.000000000000e+000 4.047035850773e-003 8.074016280643e-003 1.203316274815e-002 1.582305153280e-002 1.927456985010e-002 2.295124319942e-002 2.679311324958e-002 2.982315722398e-002 3.198917104083e-002 3.329637644232e-002 3.376930141684e-002 3.343556922715e-002 3.232139313548e-002 3.045245719547e-002 2.786151417563e-002 2.460993654553e-002 2.082499973434e-002 1.671719991789e-002 1.249094124513e-002 8.275373914585e-003 4.116298028921e-003 0.000000000000e+000
 0.000000000000e+000 3.222806543039e-003 6.405886076391e-003 9.493374916557e-003 1.240070362538e-002 1.501176504604e-002 1.777394913993e-002 2.068371386387e-002 2.301932076228e-002 2.472151711027e-002 2.577187398982e-002 2.617410248550e-002 2.594265564967e-002 2.509803354525e-002 2.366705397341e-002 2.168804069339e-002 1.922146257567e-002 1.636193264289e-002 1.323588528163e-002 9.967356154874e-003 6.646426469674e-003 3.319965010899e-003 0.000000000000e+000
 0.000000000000e+000 2.547846166146e-003 5.051080102272e-003 7.456423279149e-003 9.696118023179e-003 1.168822693293e-002 1.378380186069e-002 1.599903062523e-002 1.779549829754e-002 1.912230403018e-002 1.995529421287e-002 2.028891366888e-002 2.012973453767e-002 1.949311596134e-002 1.840292407385e-002 1.689399042647e-002 1.501636785830e-002 1.283822046245e-002 1.044134017481e-002 7.906050515079e-003 5.296325995961e-003 2.653659569935e-003 0.000000000000e+000
 0.000000000000e+000 2.004098303875e-003 3.965849104533e-003 5.838560956019e-003 7.568685476196e-003 9.096771733399e-003 1.069697932061e-002 1.239102265829e-002 1.377312652483e-002 1.480325632710e-002 1.545868931826e-002 1.573084673703e-002 1.562203038379e-002 1.514337009121e-002 1.431430332684e-002 1.316334591099e-002 1.172930296432e-002 1.006117611433e-002 8.214574563457e-003 6.244293353066e-003 4.196963622777e-003 2.107471400421e-003 0.000000000000e+000
 0.000000000000e+000 1.570816454407e-003 3.104454700230e-003 4.561736344437e-003 5.900547821341e-003 7.076782756234e-003 8.304244102022e-003 9.604499377814e-003 1.066910908333e-002 1.146764683126e-002 1.198105419133e-002 1.220063946454e-002 1.212658129665e-002 1.176675829065e-002 1.113620783977e-002 1.025709171704e-002 9.158655867259e-003 7.876343435460e-003 6.449289395313e-003 4.916363339226e-003 3.312351815447e-003 1.665926116894e-003 0.000000000000e+000
 0.000000000000e+000 1.228104244220e-003 2.424936086320e-003 3.558433516289e-003 4.595543997800e-003 5.503017087381e-003 6.447602039891e-003 7.448579116924e-003 8.269900064937e-003 8.888741759969e-003 9.289927590953e-003 9.465791886476e-003 9.415567871532e-003 9.144748071283e-003 8.664622584735e-003 7.991950684914e-003 7.148508767788e-003 6.160144365011e-003 5.055084744800e-003 3.861690113829e-003 2.606365137028e-003 1.312387678124e-003 0.000000000000e+000
 0.000000000000e+000 9.584072142250e-004 1.891174504089e-003 2.772467385976e-003 3.576378291100e-003 4.277567620501e-003 5.006186908057e-003 5.778616406225e-003 6.413246185548e-003 6.893016525925e-003 7.206144114180e-003 7.346286121032e-003 7.312338415514e-003 7.108095035618e-003 6.741891458841e-003 6.226225686237e-003 5.577246043937e-003 4.813958754844e-003 3.957090945142e-003 3.027748148022e-003 2.046210220550e-003 1.031227632183e-003 0.000000000000e+000
 0.000000000000e+000 7.469259911618e-004 1.473167604077e-003 2.158118303549e-003 2.781493845309e-003 3.323846212935e-003 3.886867936583e-003 4.484082415798e-003 4.975178073322e-003 5.347389549395e-003 5.591678196854e-003 5.702964983492e-003 5.680103547531e-003 5.525702188153e-003 5.245863449868e-003 4.849850204628e-003 4.349639190569e-003 3.759313891649e-003 3.094296131824e-003 2.370508758365e-003 1.603644482831e-003 8.087189043727e-004 0.000000000000e+000
 0.000000000000e+000 5.815168656946e-004 1.146524002363e-003 1.678697967360e-003 2.162174450561e-003 2.581959493908e-003 3.017599000618e-003 3.480062256504e-003 3.860584050300e-003 4.149581437062e-003 4.340155844869e-003 4.428310122517e-003 4.412986546044e-003 4.295975350266e-003 4.081731014209e-003 3.777108650979e-003 3.391013040035e-003 2.933952475042e-003 2.417514972623e-003 1.853826634513e-003 1.255085321145e-003 6.332597444859e-004 0.000000000000e+000
 0.000000000000e+000 4.523829977773e-004 8.916834702002e-004 1.305033393668e-003 1.680037951024e-003 2.005104033074e-003 2.342523403869e-003 2.701091123602e-003 2.996269864387e-003 3.220835921181e-003 3.369530065666e-003 3.439234649743e-003 3.429028559873e-003 3.340141299344e-003 3.175826069472e-003 2.941163089095e-003 2.642797514604e-003 2.288618364023e-003 1.887398008383e-003 1.448430781404e-003 9.812222015227e-004 4.952757404666e-004 0.000000000000e+000
 0.000000000000e+000 3.517079745848e-004 6.931014558646e-004 1.014071755557e-003 1.304943753012e-003 1.556737670304e-003 1.818285623719e-003 2.096583583595e-003 2.325781354267e-003 2.500409943462e-003 2.616456092313e-003 2.671498497160e-003 2.664760694474e-003 2.597088934606e-003 2.470865600224e-003 2.289867005278e-003 2.059073021981e-003 1.784438314544e-003 1.472641737289e-003 1.130838836663e-003 7.664469076878e-004 3.869878080733e-004 0.000000000000e+000
 0.000000000000e+000 2.733018598031e-004 5.385008677761e-004 7.876763180212e-004 1.013282157781e-003 1.208354945824e-003 1.411213765244e-003 1.627392210522e-003 1.805503103333e-003 1.941388582930e-003 2.031980104350e-003 2.075400254296e-003 2.071007415660e-003 2.019385967040e-003 1.922287642130e-003 1.782530513078e-003 1.603862717122e-003 1.390800035018e-003 1.148449951050e-003 8.823384192526e-004 5.982567120578e-004 3.021423461769e-004 0.000000000000e+000
 0.000000000000e+000 2.122880190922e-004 4.182272691641e-004 6.116232978309e-004 7.865946744896e-004 9.377376556179e-004 1.095149860425e-003 1.263190220113e-003 1.401696394678e-003 1.507495209677e-003 1.578234833071e-003 1.612459874170e-003 1.609646978118e-003 1.570201323250e-003 1.495417045955e-003 1.387406135059e-003 1.249001545780e-003 1.083641813915e-003 8.952463181119e-004 6.880918103364e-004 4.667007639874e-004 2.357496007009e-004 0.000000000000e+000
 0.000000000000e+000 1.648385333015e-004 3.247122716059e-004 4.747837639064e-004 6.104716289522e-004 7.275805319407e-004 8.497714470740e-004 9.804674842921e-004 1.088237783639e-003 1.170652438457e-003 1.225904518335e-003 1.252865211952e-003 1.251111407877e-003 1.220925321120e-003 1.163267814019e-003 1.079728527593e-003 9.724571180082e-004 8.440810137373e-004 6.976161305074e-004 5.363775392450e-004 3.638966612399e-004 1.838498178100e-004 0.000000000000e+000
 0.000000000000e+000 1.279566391315e-004 2.520363618784e-004 3.684655697977e-004 4.736772349595e-004 5.644132064940e-004 6.592899422137e-004 7.609893953761e-004 8.448854701675e-004 9.091119611711e-004 9.522773919359e-004 9.735055305863e-004 9.724564833218e-004 9.493277862246e-004 9.048364089318e-004 8.401837776143e-004 7.570068906516e-004 6.573193997023e-004 5.434471104964e-004 4.179625405274e-004 2.836227288680e-004 1.433133049733e-004 0.000000000000e+000
 0.000000000000e+000 9.930085695816e-005 1.955775833462e-004 2.858889175932e-004 3.674586366733e-004 4.377558871770e-004 5.114399007571e-004 5.906081878791e-004 6.559462286280e-004 7.060171622286e-004 7.397472301089e-004 7.564556538204e-004 7.558706882292e-004 7.381313099208e-004 7.037750561692e-004 6.537134278231e-004 5.891970012620e-004 5.117729561775e-004 4.232380726910e-004 3.255902924398e-004 2.209815787888e-004 1.116740212345e-004 0.000000000000e+000
 0.000000000000e+000 7.704440225186e-005 1.517318017456e-004 2.217711319177e-004 2.850022808513e-004 3.394590385939e-004 3.966936600178e-004 4.583442920415e-004 5.092479987740e-004 5.482961568663e-004 5.746586924671e-004 5.878062323063e-004 5.875223167730e-004 5.739052390005e-004 5.473598056895e-004 5.085799632648e-004 4.585237646854e-004 3.983825438806e-004 3.295463816969e-004 2.535679433155e-004 1.721265053016e-004 8.699347453103e-005 0.000000000000e+000
 0.000000000000e+000 5.976365909810e-005 1.176913934628e-004 1.719994406388e-004 2.210074311499e-004 2.631876316606e-004 3.076509605450e-004 3.556754139746e-004 3.953466787654e-004 4.258078785417e-004 4.464163386868e-004 4.567601090759e-004 4.566672752569e-004 4.462077281088e-004 4.256875641170e-004 3.956367450249e-004 3.567910231106e-004 3.100694107807e-004 2.565486152712e-004 1.974358471538e-004 1.340412326919e-004 6.775072835138e-005 0.000000000000e+000
 0.000000000000e+000 4.635018383953e-005 9.127095633583e-005 1.333739990596e-004 1.713523267198e-004 2.040187584199e-004 2.385645402408e-004 2.759858543178e-004 3.069129203567e-004 3.306824657791e-004 3.467962643219e-004 3.549335375589e-004 3.549580770509e-004 3.469198452095e-004 3.310511559905e-004 3.077578543341e-004 2.776061779441e-004 2.413061747473e-004 1.996926463559e-004 1.537045794436e-004 1.043639106402e-004 5.275426028149e-005 0.000000000000e+000
 0.000000000000e+000 3.594154436125e-005 7.077051272860e-005 1.034066020798e-004 1.328333161386e-004 1.581279902415e-004 1.849714374712e-004 2.141396682266e-004 2.382575948492e-004 2.568111664614e-004 2.694137155087e-004 2.758153220213e-004 2.759082815292e-004 2.697285018426e-004 2.574528881928e-004 2.393929961446e-004 2.159854162669e-004 1.877794872263e-004 1.554230024533e-004 1.196465729591e-004 8.124723619811e-005 4.107176955906e-005 0.000000000000e+000
 0.000000000000e+000 2.786711977022e-005 5.486840990572e-005 8.016332994373e-005 1.029612974500e-004 1.225451034834e-004 1.434064861179e-004 1.661496650373e-004 1.849642835784e-004 1.994515112746e-004 2.093109744270e-004 2.143478663651e-004 2.144771607714e-004 2.097248023192e-004 2.002259093227e-004 1.862201751276e-004 1.680447836084e-004 1.461252474793e-004 1.209646278167e-004 9.313159538605e-005 6.324775085121e-005 3.197454030678e-005 0.000000000000e+000
 0.000000000000e+000 2.160571720539e-005 4.253763275604e-005 6.214173025388e-005 7.980305405730e-005 9.496396177567e-005 1.111797175289e-004 1.289206499589e-004 1.436044880303e-004 1.549214911360e-004 1.626381171660e-004 1.666024485602e-004 1.667474500529e-004 1.630919674299e-004 1.557394870510e-004 1.448747812449e-004 1.307586546005e-004 1.137210723435e-004 9.415298881303e-005 7.249719926976e-005 4.923851359724e-005 2.489350194452e-005 0.000000000000e+000
 0.000000000000e+000 1.675248608721e-005 3.298051099112e-005 4.817507711932e-005 6.185770102910e-005 7.359463901958e-005 8.620345046370e-005 1.000502206617e-004 1.115168495342e-004 1.203625494055e-004 1.264055799538e-004 1.295274078112e-004 1.296752333744e-004 1.268628189981e-004 1.211696292711e-004 1.127383674464e-004 1.017710552896e-004 8.852385093320e-005 7.330082704568e-005 5.644693836452e-005 3.834039476431e-005 1.938462763837e-005 0.000000000000e+000
 0.000000000000e+000 1.299312653596e-005 2.557784254082e-005 3.735781804180e-005 4.796055273986e-005 5.704846537586e-005 6.685801358840e-005 7.767421063446e-005 8.663595015954e-005 9.355584111772e-005 9.829231182540e-005 1.007528119533e-004 1.008957781336e-004 9.873131495231e-005 9.432059654966e-005 8.777404551601e-005 7.924839050354e-005 6.894273815117e-005 5.709381603774e-005 4.397055058253e-005 2.986813806430e-005 1.510175097660e-005 0.000000000000e+000
 0.000000000000e+000 1.008380875359e-005 1.984929535732e-005 2.898757724334e-005 3.720838675230e-005 4.424872176978e-005 5.188750739349e-005 6.034678693207e-005 6.735955395233e-005 7.277976832008e-005 7.649700326953e-005 7.843892003596e-005 7.857280132108e-005 7.690610786324e-005 7.348606006946e-005 6.839828306744e-005 6.176458548685e-005 5.373996720821e-005 4.450896756198e-005 3.428147245687e-005 2.328809731963e-005 1.177525433493e-005 0.000000000000e+000
 0.000000000000e+000 7.835557796742e-006 1.542262259886e-005 2.252008512031e-005 2.890139362192e-005 3.436131182840e-005 4.031892938705e-005 4.694746402272e-005 5.244567857293e-005 5.669953386299e-005 5.962273242913e-005 6.115863888144e-005 6.128148001626e-005 5.999679789383e-005 5.734115593924e-005 5.338112412402e-005 4.821159233612e-005 4.195347942365e-005 3.475091799020e-005 2.676800144934e-005 1.818518053281e-005 9.195392555187e-006 0.000000000000e+000
 0.000000000000e+000 6.102127348340e-006 1.200976097019e-005 1.753419581327e-005 2.249813773780e-005 2.674099638280e-005 3.139947911985e-005 3.660904080669e-005 4.093284034208e-005 4.428156159840e-005 4.658756731564e-005 4.780639639868e-005 4.791770681176e-005 4.692564373751e-005 4.485863200310e-005 4.176861055294e-005 3.772974356367e-005 3.283665649576e-005 2.720225521098e-005 2.095519198970e-005 1.423704412211e-005 7.199269459319e-006 0.000000000000e+000
 0.000000000000e+000 4.770599524206e-006 9.388305150929e-006 1.370477981318e-005 1.758066794657e-005 2.088975891028e-005 2.454802235821e-005 2.866182139089e-005 3.207832587541e-005 3.472725690099e-005 3.655535872583e-005 3.752757332050e-005 3.762778515021e-005 3.685912055268e-005 3.524380017359e-005 3.282255665541e-005 2.965364220041e-005 2.581146096437e-005 2.138486897903e-005 1.647518925603e-005 1.119399205227e-005 5.660690437545e-006 0.000000000000e+000
 0.000000000000e+000 3.754116390679e-006 7.387185079137e-006 1.078177039352e-005 1.382755528290e-005 1.642463965191e-005 1.931760015199e-005 2.259053160083e-005 2.531051387875e-005 2.742184009510e-005 2.888227149354e-005 2.966396666731e-005 2.975407449954e-005 2.915497860943e-005 2.788419153232e-005 2.597390705894e-005 2.347022847769e-005 2.043209837462e-005 1.692996179640e-005 1.304419883856e-005 8.863365163343e-006 4.482279873243e-006 0.000000000000e+000
 0.000000000000e+000 2.986281892363e-006 5.875635883770e-006 8.574029514962e-006 1.099313628074e-005 1.305297850843e-005 1.536657616069e-005 1.800116170564e-005 2.019218012593e-005 2.189496251562e-005 2.307562094069e-005 2.371179277925e-005 2.379311842052e-005 2.332144260483e-005 2.231073757063e-005 2.078675389163e-005 1.878641200801e-005 1.635695361727e-005 1.355487704329e-005 1.044468434806e-005 7.097470322829e-006 3.589384777180e-006 0.000000000000e+000
 0.000000000000e+000 2.416877836717e-006 4.754757591013e-006 6.937003377739e-006 8.891634175696e-006 1.055347932558e-005 1.243656939781e-005 1.459560500444e-005 1.639242781214e-005 1.779057634398e-005 1.876237560394e-005 1.928954445771e-005 1.936358745105e-005 1.898596315822e-005 1.816802725185e-005 1.693075447555e-005 1.530424927790e-005 1.332705977758e-005 1.104531379538e-005 8.511698830400e-006 5.784310083293e-006 2.925392051629e-006 0.000000000000e+000
 0.000000000000e+000 2.008620586291e-006 3.951125597880e-006 5.763378233489e-006 7.385140851551e-006 8.761880215992e-006 1.033575481590e-005 1.215246343411e-005 1.366544128306e-005 1.484412579540e-005 1.566530947774e-005 1.611364910585e-005 1.618199568246e-005 1.587153852548e-005 1.519176173857e-005 1.416021612735e-005 1.280211414275e-005 1.114975947288e-005 9.241826333979e-006 7.122506260600e-006 4.840542265905e-006 2.448171691369e-006 0.000000000000e+000
 0.000000000000e+000 1.734751130739e-006 3.412043178785e-006 4.976138056007e-006 6.374688800933e-006 7.560309437334e-006 8.926458662695e-006 1.051278778549e-005 1.183470011128e-005 1.286559811245e-005 1.358527826163e-005 1.398037434075e-005 1.404464573936e-005 1.377910495573e-005 1.319198261485e-005 1.229853236751e-005 1.112068186463e-005 9.686539469374e-006 8.029769369076e-006 6.188850223729e-006 4.206234425228e-006 2.127426476718e-006 0.000000000000e+000
 0.000000000000e+000 1.577304263473e-006 3.102131930168e-006 4.523578977430e-006 5.793840012736e-006 6.869642636697e-006 8.116251307893e-006 9.569837135002e-006 1.078164131266e-005 1.172734904919e-005 1.238848666226e-005 1.275282699423e-005 1.281465369325e-005 1.257487905595e-005 1.204101379049e-005 1.122699068095e-005 1.015284757793e-005 8.844278283331e-006 7.332062650086e-006 5.651389528832e-006 3.841088043494e-006 1.942784093392e-006 0.000000000000e+000
 0.000000000000e+000 1.525945941749e-006 3.001041539734e-006 4.375960573119e-006 5.604379968968e-006 6.644369938333e-006 7.851964915870e-006 9.262200198101e-006 1.043804298535e-005 1.135592365389e-005 1.199793327374e-005 1.235221666009e-005 1.241322880826e-005 1.218184956591e-005 1.166535491618e-005 1.087724673163e-005 9.836946176901e-006 8.569358976295e-006 7.104323435256e-006 5.475954359524e-006 3.721897839350e-006 1.882513268799e-006 0.000000000000e+000

