mode2:E: Re(Ey) vs position, x=5e-06(m), lambda=1.55e-06(m) 

y(microns)(161,1)
 -1.600000000000e+000
 -1.580000000000e+000
 -1.560000000000e+000
 -1.540000000000e+000
 -1.520000000000e+000
 -1.500000000000e+000
 -1.480000000000e+000
 -1.460000000000e+000
 -1.440000000000e+000
 -1.420000000000e+000
 -1.400000000000e+000
 -1.380000000000e+000
 -1.360000000000e+000
 -1.340000000000e+000
 -1.320000000000e+000
 -1.300000000000e+000
 -1.280000000000e+000
 -1.260000000000e+000
 -1.240000000000e+000
 -1.220000000000e+000
 -1.200000000000e+000
 -1.180000000000e+000
 -1.160000000000e+000
 -1.140000000000e+000
 -1.120000000000e+000
 -1.100000000000e+000
 -1.080000000000e+000
 -1.060000000000e+000
 -1.040000000000e+000
 -1.020000000000e+000
 -1.000000000000e+000
 -9.800000000000e-001
 -9.600000000000e-001
 -9.400000000000e-001
 -9.200000000000e-001
 -9.000000000000e-001
 -8.800000000000e-001
 -8.600000000000e-001
 -8.400000000000e-001
 -8.200000000000e-001
 -8.000000000000e-001
 -7.800000000000e-001
 -7.600000000000e-001
 -7.400000000000e-001
 -7.200000000000e-001
 -7.000000000000e-001
 -6.800000000000e-001
 -6.600000000000e-001
 -6.400000000000e-001
 -6.200000000000e-001
 -6.000000000000e-001
 -5.800000000000e-001
 -5.600000000000e-001
 -5.400000000000e-001
 -5.200000000000e-001
 -5.000000000000e-001
 -4.800000000000e-001
 -4.600000000000e-001
 -4.400000000000e-001
 -4.200000000000e-001
 -4.000000000000e-001
 -3.800000000000e-001
 -3.600000000000e-001
 -3.400000000000e-001
 -3.200000000000e-001
 -3.000000000000e-001
 -2.800000000000e-001
 -2.600000000000e-001
 -2.400000000000e-001
 -2.200000000000e-001
 -2.000000000000e-001
 -1.800000000000e-001
 -1.600000000000e-001
 -1.400000000000e-001
 -1.200000000000e-001
 -1.000000000000e-001
 -8.000000000000e-002
 -6.000000000000e-002
 -4.000000000000e-002
 -2.000000000000e-002
 0.000000000000e+000
 2.000000000000e-002
 4.000000000000e-002
 6.000000000000e-002
 8.000000000000e-002
 1.000000000000e-001
 1.200000000000e-001
 1.400000000000e-001
 1.600000000000e-001
 1.800000000000e-001
 2.000000000000e-001
 2.200000000000e-001
 2.400000000000e-001
 2.600000000000e-001
 2.800000000000e-001
 3.000000000000e-001
 3.200000000000e-001
 3.400000000000e-001
 3.600000000000e-001
 3.800000000000e-001
 4.000000000000e-001
 4.200000000000e-001
 4.400000000000e-001
 4.600000000000e-001
 4.800000000000e-001
 5.000000000000e-001
 5.200000000000e-001
 5.400000000000e-001
 5.600000000000e-001
 5.800000000000e-001
 6.000000000000e-001
 6.200000000000e-001
 6.400000000000e-001
 6.600000000000e-001
 6.800000000000e-001
 7.000000000000e-001
 7.200000000000e-001
 7.400000000000e-001
 7.600000000000e-001
 7.800000000000e-001
 8.000000000000e-001
 8.200000000000e-001
 8.400000000000e-001
 8.600000000000e-001
 8.800000000000e-001
 9.000000000000e-001
 9.200000000000e-001
 9.400000000000e-001
 9.600000000000e-001
 9.800000000000e-001
 1.000000000000e+000
 1.020000000000e+000
 1.040000000000e+000
 1.060000000000e+000
 1.080000000000e+000
 1.100000000000e+000
 1.120000000000e+000
 1.140000000000e+000
 1.160000000000e+000
 1.180000000000e+000
 1.200000000000e+000
 1.220000000000e+000
 1.240000000000e+000
 1.260000000000e+000
 1.280000000000e+000
 1.300000000000e+000
 1.320000000000e+000
 1.340000000000e+000
 1.360000000000e+000
 1.380000000000e+000
 1.400000000000e+000
 1.420000000000e+000
 1.440000000000e+000
 1.460000000000e+000
 1.480000000000e+000
 1.500000000000e+000
 1.520000000000e+000
 1.540000000000e+000
 1.560000000000e+000
 1.580000000000e+000
 1.600000000000e+000

z(microns)(23,1)
 -1.100000000000e-001
 -9.000000000000e-002
 -7.000000000000e-002
 -5.000000000000e-002
 -3.000000000000e-002
 -1.000000000000e-002
 1.000000000000e-002
 3.000000000000e-002
 5.000000000000e-002
 7.000000000000e-002
 9.000000000000e-002
 1.100000000000e-001
 1.300000000000e-001
 1.500000000000e-001
 1.700000000000e-001
 1.900000000000e-001
 2.100000000000e-001
 2.300000000000e-001
 2.500000000000e-001
 2.700000000000e-001
 2.900000000000e-001
 3.100000000000e-001
 3.300000000000e-001

mode2:E: Re(Ey) vs position, x=5e-06(m), lambda=1.55e-06(m) (161,23)
 0.000000000000e+000 4.532315222507e-006 8.908445423526e-006 1.297692416429e-005 1.659558153951e-005 1.963584504261e-005 2.332077560308e-005 2.775692728148e-005 3.146661427617e-005 3.437668770986e-005 3.643155649696e-005 3.759440564243e-005 3.784799082144e-005 3.719499373030e-005 3.565793342413e-005 3.327863944538e-005 3.011730263260e-005 2.625112876030e-005 2.177262837178e-005 1.678758316831e-005 1.141273505746e-005 5.773248479475e-006 0.000000000000e+000
 0.000000000000e+000 4.676827118019e-006 9.192821090115e-006 1.339200681807e-005 1.712798051716e-005 2.026833770883e-005 2.406438785544e-005 2.862591547030e-005 3.243977069268e-005 3.543066378965e-005 3.754138160708e-005 3.873404105825e-005 3.899090593613e-005 3.831475113109e-005 3.672876945071e-005 3.427602720503e-005 3.101848514290e-005 2.703561087995e-005 2.242261738958e-005 1.728836928486e-005 1.175300445154e-005 5.945323140803e-006 0.000000000000e+000
 0.000000000000e+000 5.119246464637e-006 1.006343971181e-005 1.466281120487e-005 1.875800430159e-005 2.220489116616e-005 2.634091858691e-005 3.128575521745e-005 3.541805205369e-005 3.865597142088e-005 4.093733965869e-005 4.222100824981e-005 4.248773854848e-005 4.174059294053e-005 4.000482758864e-005 3.732729404661e-005 3.377536850515e-005 2.943543787104e-005 2.441098099569e-005 1.882029099060e-005 1.279389066475e-005 6.471697759399e-006 0.000000000000e+000
 0.000000000000e+000 5.886760314024e-006 1.157383197925e-005 1.686755001835e-005 2.158611739545e-005 2.556509569669e-005 3.029020557905e-005 3.589824320587e-005 4.058140756159e-005 4.424652238779e-005 4.682282667091e-005 4.826352220954e-005 4.854677566870e-005 4.767615578312e-005 4.568050083585e-005 4.261322573231e-005 3.855109133375e-005 3.359247070232e-005 2.785515720436e-005 2.147376782346e-005 1.459680154039e-005 7.383417384507e-006 0.000000000000e+000
 0.000000000000e+000 7.026499354408e-006 1.381679823227e-005 2.014181476997e-005 2.578649252192e-005 3.055628969633e-005 3.615466281988e-005 4.274380016102e-005 4.824167111567e-005 5.253830570355e-005 5.555022933411e-005 5.722228665763e-005 5.752881680115e-005 5.647415742142e-005 5.409247276485e-005 5.044691828990e-005 4.562817058508e-005 3.975236565336e-005 3.295850066266e-005 2.540536377029e-005 1.726806364382e-005 8.734235071961e-006 0.000000000000e+000
 0.000000000000e+000 8.608380312346e-006 1.693000684841e-005 2.468675983444e-005 3.161753103653e-005 3.748609550373e-005 4.429389375479e-005 5.223828344346e-005 5.886118315265e-005 6.402938908308e-005 6.764184725337e-005 6.963185997136e-005 6.996849964504e-005 6.865720286483e-005 6.573954022465e-005 6.129217931448e-005 5.542507858165e-005 4.827896742148e-005 4.002218228245e-005 3.084693949712e-005 2.096513307962e-005 1.060375028732e-005 0.000000000000e+000
 0.000000000000e+000 1.072932023547e-005 2.110429485366e-005 3.078123715079e-005 3.943746247457e-005 4.678100829810e-005 5.520635928706e-005 6.495791246808e-005 7.308039495096e-005 7.940956480221e-005 8.382089959162e-005 8.623231489128e-005 8.660589525210e-005 8.494860449526e-005 8.131197147670e-005 7.579077595919e-005 6.852078523901e-005 5.967561442823e-005 4.946280090340e-005 3.811919607931e-005 2.590578554928e-005 1.310205247796e-005 0.000000000000e+000
 0.000000000000e+000 1.351907412779e-005 2.659516627847e-005 3.879860648070e-005 4.972595594339e-005 5.901215064227e-005 6.955939617385e-005 8.167379381024e-005 9.175609867826e-005 9.960140106288e-005 1.050544537687e-004 1.080130633522e-004 1.084302345105e-004 1.063150263044e-004 1.017321177833e-004 9.480011819807e-005 8.568869101388e-005 7.461458945268e-005 6.183672307658e-005 4.765038952766e-005 3.238081336387e-005 1.637613612138e-005 0.000000000000e+000
 0.000000000000e+000 1.714804394928e-005 3.373817408528e-005 4.922922468925e-005 6.311303475564e-005 7.492973346718e-005 8.822938054169e-005 1.033981059241e-004 1.160125599763e-004 1.258151388325e-004 1.326108218169e-004 1.362714379717e-004 1.367383433238e-004 1.340234566782e-004 1.282086540832e-004 1.194435725970e-004 1.079419191490e-004 9.397641735982e-005 7.787255236104e-005 6.000129035658e-005 4.077095656644e-005 2.061845410882e-005 0.000000000000e+000
 0.000000000000e+000 2.183752392753e-005 4.296910207431e-005 6.270995519351e-005 8.041702077036e-005 9.550828404511e-005 1.123544374331e-004 1.314446998620e-004 1.473086000581e-004 1.596206994335e-004 1.681348304033e-004 1.726894964521e-004 1.732112320529e-004 1.697158556313e-004 1.623076201775e-004 1.511763347352e-004 1.365925907376e-004 1.189012759173e-004 9.851359266960e-005 7.589781648381e-005 5.156903445528e-005 2.607809680943e-005 0.000000000000e+000
 0.000000000000e+000 2.787299118090e-005 5.485014733693e-005 8.006245512724e-005 1.026937718234e-004 1.220053434645e-004 1.434028467502e-004 1.675077341875e-004 1.875246277945e-004 2.030410900267e-004 2.137454355412e-004 2.194335971255e-004 2.200133575206e-004 2.155058606124e-004 2.060444140079e-004 1.918706893786e-004 1.733285095838e-004 1.508554764258e-004 1.249727360779e-004 9.627319959212e-005 6.540853510328e-005 3.307523080553e-005 0.000000000000e+000
 0.000000000000e+000 3.562122998492e-005 7.010365776243e-005 1.023425168375e-004 1.313001455810e-004 1.560371380319e-004 1.832612333608e-004 2.137630414746e-004 2.390748171666e-004 2.586727750212e-004 2.721614876420e-004 2.792826487246e-004 2.799204175257e-004 2.741032313365e-004 2.620021100033e-004 2.439256076460e-004 2.203116803109e-004 1.917168254277e-004 1.588029039321e-004 1.223220769650e-004 8.310027866839e-005 4.201961142277e-005 0.000000000000e+000
 0.000000000000e+000 4.555230260670e-005 8.965542267017e-005 1.309033915077e-004 1.679754647011e-004 1.996757377601e-004 2.343478103023e-004 2.729982858076e-004 3.050511350307e-004 3.298402002712e-004 3.468631389308e-004 3.557926480036e-004 3.564832293465e-004 3.489733454409e-004 3.334830089201e-004 3.104070329602e-004 2.803043272321e-004 2.438837424252e-004 2.019870369252e-004 1.555695592529e-004 1.056792128259e-004 5.343420543502e-005 0.000000000000e+000
 0.000000000000e+000 5.826766169332e-005 1.146900721907e-004 1.674768423269e-004 2.149458192003e-004 2.555734891922e-004 2.997574392526e-004 3.487796984829e-004 3.894078416513e-004 4.207937144100e-004 4.422985282117e-004 4.535072905769e-004 4.542373879901e-004 4.445411202362e-004 4.247022599963e-004 3.952269712428e-004 3.568296404089e-004 3.104143365418e-004 2.570527082085e-004 1.979591411439e-004 1.344639460251e-004 6.798523477409e-005 0.000000000000e+000
 0.000000000000e+000 7.453605356279e-005 1.467218423138e-004 2.142767074045e-004 2.750573817878e-004 3.271221225521e-004 3.834471705562e-004 4.456653784571e-004 4.971975315638e-004 5.369627572958e-004 5.641481123015e-004 5.782272086685e-004 5.789711284126e-004 5.664513549235e-004 5.410348437143e-004 5.033717238981e-004 4.543764320269e-004 3.952033044804e-004 3.272177751347e-004 2.519643335362e-004 1.711323002002e-004 8.652029025349e-005 0.000000000000e+000
 0.000000000000e+000 9.533930622974e-005 1.876848435650e-004 2.741310532297e-004 3.519466041440e-004 4.186559762934e-004 4.904733387531e-004 5.694779505962e-004 6.348729093418e-004 6.852795468008e-004 7.196625135085e-004 7.373539291211e-004 7.380672975625e-004 7.219008200584e-004 6.893303059887e-004 6.411924076259e-004 5.786593429436e-004 5.032065840517e-004 4.165751507952e-004 3.207301451737e-004 2.178169957359e-004 1.101165789753e-004 0.000000000000e+000
 0.000000000000e+000 1.219306515542e-004 2.400480748854e-004 3.506506339581e-004 4.502572970181e-004 5.357113700733e-004 6.272943617660e-004 7.276529630786e-004 8.106725040134e-004 8.745928099964e-004 9.180942450807e-004 9.403291825993e-004 9.409397949240e-004 9.200616688923e-004 8.783135723496e-004 8.167744470138e-004 7.369493215480e-004 6.407262790160e-004 5.303268366654e-004 4.082520763588e-004 2.772265965070e-004 1.401418734876e-004 0.000000000000e+000
 0.000000000000e+000 1.559089213092e-004 3.069618000115e-004 4.484434185350e-004 5.759172845332e-004 6.853574324834e-004 8.021573046467e-004 9.296840013728e-004 1.035113678488e-003 1.116196658340e-003 1.171249457969e-003 1.199196025609e-003 1.199590546776e-003 1.172621168404e-003 1.119095172936e-003 1.040407197016e-003 9.384929584548e-004 8.157715765859e-004 6.750798916590e-004 5.196021573293e-004 3.527980696520e-004 1.783313370659e-004 0.000000000000e+000
 0.000000000000e+000 1.993128075532e-004 3.924436061036e-004 5.733874968520e-004 7.364906949877e-004 8.766178289030e-004 1.025591254074e-003 1.187691394318e-003 1.321622929820e-003 1.424506874192e-003 1.494193311864e-003 1.529315746631e-003 1.529320406760e-003 1.494469681589e-003 1.425820568280e-003 1.325180494463e-003 1.195044087740e-003 1.038515341319e-003 8.592201054587e-004 6.612138164655e-004 4.488887755202e-004 2.268841155544e-004 0.000000000000e+000
 0.000000000000e+000 2.547404121267e-004 5.016145485914e-004 7.329778264881e-004 9.416261611246e-004 1.121008054551e-003 1.311036904668e-003 1.517148974363e-003 1.687342057499e-003 1.817926155497e-003 1.906152224887e-003 1.950284222371e-003 1.949636801948e-003 1.904577710538e-003 1.816496356227e-003 1.687742054003e-003 1.521537084278e-003 1.321870937718e-003 1.093382878002e-003 8.412400325671e-004 5.710174040894e-004 2.885844094829e-004 0.000000000000e+000
 0.000000000000e+000 3.255005433261e-004 6.409982969178e-004 9.367661312978e-004 1.203626427029e-003 1.433219523155e-003 1.675649865505e-003 1.937813142271e-003 2.154159909636e-003 2.319951921022e-003 2.431668779984e-003 2.487103934504e-003 2.485413093456e-003 2.427114194461e-003 2.314041443279e-003 2.149258596944e-003 1.936938769472e-003 1.682219770337e-003 1.391045248907e-003 1.070002311555e-003 7.261652864507e-004 3.669526463574e-004 0.000000000000e+000
 0.000000000000e+000 4.158036417487e-004 8.188991451479e-004 1.196917889474e-003 1.538171282943e-003 1.831989913962e-003 2.141325554775e-003 2.474911169774e-003 2.750033928122e-003 2.960596004493e-003 3.102081365662e-003 3.171684123763e-003 3.168370307218e-003 3.092872879530e-003 2.947624402705e-003 2.736634918860e-003 2.465325112822e-003 2.140327199334e-003 1.769268193473e-003 1.360551461600e-003 9.231515356583e-004 4.664332952073e-004 0.000000000000e+000
 0.000000000000e+000 5.310017722884e-004 1.045878073955e-003 1.528915766696e-003 1.965233551241e-003 2.341209526999e-003 2.736006827963e-003 3.160662209496e-003 3.510684745768e-003 3.778206176120e-003 3.957421905038e-003 4.044762686333e-003 4.038972169433e-003 3.941092390789e-003 3.754365033913e-003 3.484059396472e-003 3.137240386263e-003 2.722493042564e-003 2.249624137168e-003 1.729364715720e-003 1.173097379771e-003 5.926266559300e-004 0.000000000000e+000
 0.000000000000e+000 6.778886382689e-004 1.335349515843e-003 1.952444929786e-003 2.510237153948e-003 2.991326208102e-003 3.495352596809e-003 4.036226235027e-003 4.481772252335e-003 4.821806587907e-003 5.048852870004e-003 5.158370878149e-003 5.148850607731e-003 5.021779881763e-003 4.781499670877e-003 4.434962554869e-003 3.991410600936e-003 3.461992925920e-003 2.859350893172e-003 2.197207003910e-003 1.489996362340e-003 7.525723158952e-004 0.000000000000e+000
 0.000000000000e+000 8.650716739512e-004 1.704324516988e-003 2.492501983350e-003 3.205517100286e-003 3.821127320822e-003 4.464867965173e-003 5.154205129082e-003 5.721695175893e-003 6.154110243115e-003 6.441801268355e-003 6.578997538553e-003 6.563912756052e-003 6.398679429349e-003 6.089137547315e-003 5.644498457989e-003 5.076900623061e-003 4.400878333673e-003 3.632779327097e-003 2.790186167297e-003 1.891406861716e-003 9.550913161893e-004 0.000000000000e+000
 0.000000000000e+000 1.103428144340e-003 2.174327371767e-003 3.180774755376e-003 4.092153251885e-003 4.879997014581e-003 5.702625867059e-003 6.581859522970e-003 7.305201806279e-003 7.855404640057e-003 8.219995093061e-003 8.391655598556e-003 8.368324079227e-003 8.153066767231e-003 7.753771610447e-003 7.182688648538e-003 6.455826368980e-003 5.592216275899e-003 4.613086840486e-003 3.541030812505e-003 2.399279824001e-003 1.211191309832e-003 0.000000000000e+000
 0.000000000000e+000 1.406654185319e-003 2.772509979489e-003 4.057342543738e-003 5.222262088662e-003 6.230771743373e-003 7.282750205145e-003 8.405259932151e-003 9.328062405499e-003 1.002857630486e-002 1.049067007555e-002 1.070511250715e-002 1.066961777686e-002 1.038860417320e-002 9.872754677807e-003 9.138408079133e-003 8.206761699294e-003 7.102863846777e-003 5.854430018350e-003 4.490611865768e-003 3.040924327050e-003 1.534532060124e-003 0.000000000000e+000
 0.000000000000e+000 1.791906599606e-003 3.532976011121e-003 5.172741026969e-003 6.661841411837e-003 7.953348385661e-003 9.299887059737e-003 1.073467018482e-002 1.191314272848e-002 1.280562721788e-002 1.339129503384e-002 1.365861987712e-002 1.360525015641e-002 1.323755664496e-002 1.257001555136e-002 1.162444710041e-002 1.042901746421e-002 9.016888358510e-003 7.424503340848e-003 5.689708171622e-003 3.850090237906e-003 1.941933675416e-003 0.000000000000e+000
 0.000000000000e+000 2.280515644285e-003 4.498295323055e-003 6.590413312082e-003 8.494267735566e-003 1.014924069497e-002 1.187497516752e-002 1.371158145263e-002 1.521834717055e-002 1.635615458795e-002 1.709826552308e-002 1.743056616114e-002 1.735100578938e-002 1.686875675741e-002 1.600337745858e-002 1.478396279068e-002 1.324802460473e-002 1.143976019743e-002 9.407548893874e-003 7.200970306001e-003 4.868098899055e-003 2.453879913366e-003 0.000000000000e+000
 0.000000000000e+000 2.898700862455e-003 5.721117996458e-003 8.389509248065e-003 1.082453615799e-002 1.294733797055e-002 1.516276298241e-002 1.751800765148e-002 1.944709349401e-002 2.089842574284e-002 2.183813745157e-002 2.224957422215e-002 2.213175152858e-002 2.149781457211e-002 2.037396621271e-002 1.879875584211e-002 1.682213949618e-002 1.450346409780e-002 1.190778950970e-002 9.100941397893e-003 6.144857302871e-003 3.094910818255e-003 0.000000000000e+000
 0.000000000000e+000 3.678128563470e-003 7.265648242013e-003 1.066785976743e-002 1.378428873710e-002 1.651120960725e-002 1.936175768853e-002 2.238897996715e-002 2.486228001334e-002 2.671389316304e-002 2.790210480588e-002 2.840865572116e-002 2.823513183647e-002 2.740020230768e-002 2.593838046716e-002 2.390001489631e-002 2.135134205974e-002 1.837269916078e-002 1.505314463327e-002 1.148180293015e-002 7.739407602467e-003 3.893690099936e-003 0.000000000000e+000
 0.000000000000e+000 4.655968346802e-003 9.208437356823e-003 1.354465983402e-002 1.753755660960e-002 2.104845359745e-002 2.472774656913e-002 2.862976868188e-002 3.180517903914e-002 3.416626376954e-002 3.566453510835e-002 3.628307385512e-002 3.602885610512e-002 3.492799435773e-002 3.302457907235e-002 3.038254017750e-002 2.708859548531e-002 2.325237961814e-002 1.899885023964e-002 1.445213536398e-002 9.719317826071e-003 4.882334956897e-003 0.000000000000e+000
 0.000000000000e+000 5.873770417045e-003 1.163736541657e-002 1.716176945214e-002 2.228683693805e-002 2.682287949780e-002 3.159298308729e-002 3.664048873580e-002 4.072144086472e-002 4.372652705869e-002 4.560637696064e-002 4.635246809337e-002 4.598217983267e-002 4.453117805141e-002 4.205287556137e-002 3.862416494392e-002 3.435527658297e-002 2.939673156911e-002 2.393009316560e-002 1.813523192278e-002 1.215758257265e-002 6.094252852719e-003 0.000000000000e+000
 0.000000000000e+000 7.373903722848e-003 1.464656691724e-002 2.168121424760e-002 2.827835271538e-002 3.417090465258e-002 4.039531761753e-002 4.695300674943e-002 5.219753020397e-002 5.600549889298e-002 5.834395490212e-002 5.922740793007e-002 5.869188932441e-002 5.678445761726e-002 5.356406159991e-002 4.911350057567e-002 4.356358158695e-002 3.712044598228e-002 3.006161399765e-002 2.266199662711e-002 1.512457157561e-002 7.559179271535e-003 0.000000000000e+000
 0.000000000000e+000 9.191401160412e-003 1.832306420440e-002 2.727362808022e-002 3.580327239253e-002 4.352473147260e-002 5.172712837007e-002 6.028974133992e-002 6.701234495107e-002 7.179492318698e-002 7.466269309198e-002 7.567967126385e-002 7.491234853268e-002 7.242002791159e-002 6.825738211710e-002 6.249197730096e-002 5.525263743781e-002 4.681259170945e-002 3.762941878392e-002 2.815241239063e-002 1.867069406289e-002 9.293362566716e-003 0.000000000000e+000
 0.000000000000e+000 1.133802980833e-002 2.271769596808e-002 3.408633111795e-002 4.518574443910e-002 5.544703816199e-002 6.642988933919e-002 7.766355046752e-002 8.620923385887e-002 9.211549023652e-002 9.555306406473e-002 9.667413704000e-002 9.558774456799e-002 9.236503772960e-002 8.704088180544e-002 7.962170763866e-002 7.015590332610e-002 5.895379856000e-002 4.686233984423e-002 3.467346396184e-002 2.279282294753e-002 1.128224355850e-002 0.000000000000e+000
 0.000000000000e+000 1.377533127898e-002 2.778919742032e-002 4.216730085690e-002 5.673069645985e-002 7.068406610686e-002 8.581224591501e-002 1.005555349506e-001 1.111871672688e-001 1.182615917890e-001 1.222420591353e-001 1.233990453972e-001 1.218828420336e-001 1.177774425404e-001 1.110913239521e-001 1.016996244634e-001 8.935207529987e-002 7.413274041265e-002 5.790042490770e-002 4.214984323122e-002 2.737550112846e-002 1.345393369908e-002 0.000000000000e+000
 0.000000000000e+000 1.637784254474e-002 3.331094217069e-002 5.129887048142e-002 7.054840872194e-002 9.023338735374e-002 1.122614544962e-001 1.312235983137e-001 1.437741661904e-001 1.518113128141e-001 1.562092528838e-001 1.572940236065e-001 1.552087627138e-001 1.500625854872e-001 1.418957120120e-001 1.304395057779e-001 1.146761812059e-001 9.302619151661e-002 7.056677038970e-002 5.018599802297e-002 3.210301648397e-002 1.564827533178e-002 0.000000000000e+000
 0.000000000000e+000 1.890511904559e-002 3.875417703863e-002 6.067236170448e-002 8.599840169050e-002 1.153112183998e-001 1.513078621458e-001 1.730852584394e-001 1.861139721554e-001 1.945325140713e-001 1.991821583991e-001 2.000911068214e-001 1.972516825100e-001 1.908369716333e-001 1.811603644170e-001 1.682399525285e-001 1.500659558030e-001 1.161191135826e-001 8.372604546848e-002 5.775322882650e-002 3.637218235071e-002 1.760640207016e-002 0.000000000000e+000
 0.000000000000e+000 2.104255149943e-002 4.326414117923e-002 6.841625915315e-002 9.998216677270e-002 1.463604467225e-001 2.197415764493e-001 2.300031351572e-001 2.398462733861e-001 2.481117229915e-001 2.531543111861e-001 2.539282378301e-001 2.500580902702e-001 2.418276920684e-001 2.302706267023e-001 2.174249465836e-001 2.066972456656e-001 1.418683780744e-001 9.351619477133e-002 6.283331962439e-002 3.935154890148e-002 1.904675913793e-002 0.000000000000e+000
 0.000000000000e+000 2.261768721999e-002 4.611161664720e-002 7.175159634470e-002 1.020839620579e-001 1.436632162560e-001 1.643135952760e-001 1.603984781972e-001 1.648351710733e-001 1.702984953011e-001 1.739188796328e-001 1.744859807923e-001 1.715949268572e-001 1.654156013101e-001 1.567800627334e-001 1.477288251593e-001 1.433902384143e-001 1.233628416526e-001 8.904493203080e-002 6.300206368373e-002 4.058797477713e-002 1.992318328779e-002 0.000000000000e+000
 0.000000000000e+000 2.397948823039e-002 4.816453884277e-002 7.249753314773e-002 9.593087343920e-002 1.137435780194e-001 8.260413920867e-002 8.616997273069e-002 9.261923223654e-002 9.824679359044e-002 1.017182845305e-001 1.024900000266e-001 1.003505996901e-001 9.527511827194e-002 8.737304186407e-002 7.686891604307e-002 6.409912366294e-002 8.694207676539e-002 7.954358337826e-002 6.183793532113e-002 4.155420107310e-002 2.078403539536e-002 0.000000000000e+000
 0.000000000000e+000 2.583854772500e-002 5.148118395786e-002 7.626797244120e-002 9.821008268738e-002 1.119948125845e-001 1.215870380055e-001 1.412423973942e-001 1.569133043158e-001 1.684299321217e-001 1.752145113263e-001 1.768494951989e-001 1.731299554397e-001 1.640334079112e-001 1.496668453195e-001 1.301615857806e-001 1.053915922033e-001 9.289748994631e-002 8.324809875026e-002 6.550537726427e-002 4.452116763749e-002 2.241616435845e-002 0.000000000000e+000
 0.000000000000e+000 2.865082722137e-002 5.716255182245e-002 8.511844720464e-002 1.115251363586e-001 1.347419127032e-001 1.637941952109e-001 1.951552098611e-001 2.196468545804e-001 2.372108813899e-001 2.474790004202e-001 2.501226346648e-001 2.449809056941e-001 2.320875966761e-001 2.116484616779e-001 1.839784893499e-001 1.494005000305e-001 1.189928464156e-001 9.807965288179e-002 7.480143955657e-002 5.023135822029e-002 2.517633921504e-002 0.000000000000e+000
 0.000000000000e+000 3.244194365645e-002 6.507514054901e-002 9.801288622536e-002 1.312988211782e-001 1.652163485173e-001 2.077332678294e-001 2.488298166476e-001 2.813084585729e-001 3.046484903407e-001 3.183547601051e-001 3.220716416822e-001 3.156612027038e-001 2.992349539544e-001 2.731526535909e-001 2.380028917702e-001 1.945925030012e-001 1.511652643977e-001 1.188504234304e-001 8.811526707714e-002 5.825700631768e-002 2.897530476612e-002 0.000000000000e+000
 0.000000000000e+000 3.699265596125e-002 7.459048419276e-002 1.134318203628e-001 1.542891838641e-001 1.983231819914e-001 2.521772557409e-001 3.020599192469e-001 3.418633856983e-001 3.706245275781e-001 3.876253903097e-001 3.924180823247e-001 3.848608914932e-001 3.651401907597e-001 3.337760553093e-001 2.916198279315e-001 2.398609940838e-001 1.851724381687e-001 1.423726297338e-001 1.037632757257e-001 6.782908391359e-002 3.352378506364e-002 0.000000000000e+000
 0.000000000000e+000 4.202242307586e-002 8.504851120479e-002 1.301593289903e-001 1.786250125130e-001 2.320730469495e-001 2.962485440220e-001 3.543681612465e-001 4.010099328286e-001 4.348626552399e-001 4.549868290940e-001 4.608224932721e-001 4.522074114185e-001 4.293904137475e-001 3.930353859090e-001 3.442185422576e-001 2.844257214797e-001 2.193494128295e-001 1.668926929251e-001 1.205174401079e-001 7.824408075013e-002 3.851241780156e-002 0.000000000000e+000
 0.000000000000e+000 4.728017092996e-002 9.591451681743e-002 1.473468444693e-001 2.032138557744e-001 2.654644811799e-001 3.392990476625e-001 4.052481189313e-001 4.583407003861e-001 4.969915825981e-001 5.200661039235e-001 5.268944410476e-001 5.172864002477e-001 4.915402177186e-001 4.504421375109e-001 3.952567540659e-001 3.277094187946e-001 2.528494502016e-001 1.914131549652e-001 1.375615804461e-001 8.896873434987e-002 4.368526625009e-002 0.000000000000e+000
 0.000000000000e+000 5.256949027653e-002 1.067937234208e-001 1.644183021086e-001 2.273751310682e-001 2.978810299852e-001 3.808216742683e-001 4.542253824519e-001 5.134203451704e-001 5.565963791673e-001 5.824506945086e-001 5.902132094628e-001 5.796638994939e-001 5.511399670405e-001 5.055310369196e-001 4.442616204014e-001 3.692603389598e-001 2.851478531315e-001 2.153243313805e-001 1.543599805010e-001 9.962618853717e-002 4.885188148496e-002 0.000000000000e+000
 0.000000000000e+000 5.774483919957e-002 1.174026286451e-001 1.809764869455e-001 2.506515314464e-001 3.288875530777e-001 4.203993510880e-001 5.008684497827e-001 5.658200895427e-001 6.132515890414e-001 6.417141629354e-001 6.503481685515e-001 6.389045940806e-001 6.077521318479e-001 5.578689231232e-001 4.908182913869e-001 4.087078088290e-001 3.158736135290e-001 2.382231377237e-001 1.705529732924e-001 1.099547129426e-001 5.387632041762e-002 0.000000000000e+000
 0.000000000000e+000 6.269969592726e-002 1.275364482569e-001 1.967377710651e-001 2.727133636232e-001 3.581485994960e-001 4.576767626996e-001 5.447872884159e-001 6.151327402127e-001 6.665410297868e-001 6.974348946302e-001 7.068749512212e-001 6.945851962460e-001 6.609606392892e-001 6.070565807877e-001 5.345591535079e-001 4.457368718112e-001 3.447408617691e-001 2.598229066367e-001 1.858893150514e-001 1.197703144135e-001 5.866203598025e-002 0.000000000000e+000
 0.000000000000e+000 6.735517744828e-002 1.370436953062e-001 2.114910223680e-001 2.933085772156e-001 3.853908414710e-001 4.923445953630e-001 5.856299840866e-001 6.609793466259e-001 7.160693928531e-001 7.492087739901e-001 7.593870769024e-001 7.463037261548e-001 7.103763843413e-001 6.527285354236e-001 5.751561630355e-001 4.800737378961e-001 3.715167189959e-001 2.799067198616e-001 2.001852024251e-001 1.289398365088e-001 6.313925779607e-002 0.000000000000e+000
 0.000000000000e+000 7.165144843693e-002 1.458087813687e-001 2.250726895804e-001 3.122357364384e-001 4.103840798008e-001 5.241306759798e-001 6.230799932972e-001 7.030123240941e-001 7.614690898133e-001 7.966574602343e-001 8.075038899181e-001 7.936857779715e-001 7.556406453386e-001 6.945525637834e-001 6.123159704602e-001 5.114774685047e-001 3.960048409970e-001 2.983023490472e-001 2.133000423495e-001 1.373633678892e-001 6.725606531065e-002 0.000000000000e+000
 0.000000000000e+000 7.554188529758e-002 1.537408384854e-001 2.373519303503e-001 3.293289950762e-001 4.329310975899e-001 5.527949934462e-001 6.568543426604e-001 7.409170754177e-001 8.024043885921e-001 8.394337291619e-001 8.508758582707e-001 8.363887214370e-001 7.964273344092e-001 7.322294181510e-001 6.457770671223e-001 5.397353299262e-001 4.180366365751e-001 3.148684600155e-001 2.251222821510e-001 1.449632923101e-001 7.097256594529e-002 0.000000000000e+000
 0.000000000000e+000 7.898933042961e-002 1.607667859212e-001 2.482218058266e-001 3.444496024728e-001 4.528621002635e-001 5.781269474527e-001 6.867025963510e-001 7.744129596175e-001 8.385739981177e-001 8.772249347701e-001 8.891880941025e-001 8.741045398542e-001 8.324445758663e-001 7.654928260778e-001 6.753082734955e-001 5.646603255471e-001 4.374665552465e-001 3.294869378093e-001 2.355611894440e-001 1.516776729116e-001 7.425727242765e-002 0.000000000000e+000
 0.000000000000e+000 8.196376869988e-002 1.668271232039e-001 2.575941000503e-001 3.574810689658e-001 4.700316576645e-001 5.999438850566e-001 7.124063466468e-001 8.032539578488e-001 8.697127462161e-001 9.097552827813e-001 9.221627089331e-001 9.065617782426e-001 8.634358741256e-001 7.941096983725e-001 7.007080687817e-001 5.860900156862e-001 4.541696284875e-001 3.420586353277e-001 2.445421327282e-001 1.574563410676e-001 7.708491765490e-002 0.000000000000e+000
 0.000000000000e+000 8.444091792744e-002 1.718734163582e-001 2.653962926274e-001 3.683264184535e-001 4.843170458449e-001 6.180903751096e-001 7.337790247067e-001 8.272291756453e-001 8.955927059870e-001 9.367873472025e-001 9.495604066883e-001 9.335269038635e-001 8.891810083084e-001 8.178804562369e-001 7.218044175991e-001 6.038860804585e-001 4.680402771991e-001 3.525010660529e-001 2.520039144105e-001 1.622586295022e-001 7.943516833625e-002 0.000000000000e+000
 0.000000000000e+000 8.640138680427e-002 1.758668129666e-001 2.715698024993e-001 3.769066382360e-001 4.956173734509e-001 6.324378906504e-001 7.506658833614e-001 8.461632305273e-001 9.160239635869e-001 9.581230883960e-001 9.711815654735e-001 9.548052629857e-001 9.094967224914e-001 8.366393986128e-001 7.384548634498e-001 6.179342883175e-001 4.789918219418e-001 3.607472017505e-001 2.578972992638e-001 1.660520866348e-001 8.129188470592e-002 0.000000000000e+000
 0.000000000000e+000 8.783017635221e-002 1.787771709651e-001 2.760689739763e-001 3.831598102256e-001 5.038531369613e-001 6.428846973724e-001 7.629440481266e-001 8.599165355071e-001 9.308551293443e-001 9.736045221693e-001 9.868669574070e-001 9.702417405530e-001 9.242372428511e-001 8.502550473387e-001 7.505467366110e-001 6.281446595517e-001 4.869563648121e-001 3.667448880397e-001 2.621842295681e-001 1.688117658183e-001 8.264270441048e-002 0.000000000000e+000
 0.000000000000e+000 8.871638442173e-002 1.805825457422e-001 2.788604873755e-001 3.870406192082e-001 5.089659939351e-001 6.493558225230e-001 7.705225646316e-001 8.683854730424e-001 9.399736432262e-001 9.831141227462e-001 9.964981912028e-001 9.797211810850e-001 9.332946323352e-001 8.586304228234e-001 7.579973760081e-001 6.344516924967e-001 4.918848449949e-001 3.704565906578e-001 2.648374238081e-001 1.705198430183e-001 8.347881394305e-002 0.000000000000e+000
 0.000000000000e+000 8.905302647052e-002 1.812688795677e-001 2.799230029054e-001 3.885200563848e-001 5.109186271155e-001 6.518030249037e-001 7.733423927410e-001 8.715024481197e-001 9.433058975400e-001 9.865750028353e-001 9.999979226804e-001 9.831686000305e-001 9.365989827090e-001 8.617032149984e-001 7.607542988453e-001 6.368145693293e-001 4.937471485517e-001 3.718593014489e-001 2.658401777528e-001 1.711654142269e-001 8.379482448411e-002 0.000000000000e+000
 0.000000000000e+000 8.883691949736e-002 1.808297984451e-001 2.792469221596e-001 3.875852085958e-001 5.096946217298e-001 6.502047152519e-001 7.713763127458e-001 8.692358078725e-001 9.408171846543e-001 9.839508911651e-001 9.973298551297e-001 9.805491980275e-001 9.341184387713e-001 8.594458235517e-001 7.587952743367e-001 6.352172892763e-001 4.925322001814e-001 3.709445017649e-001 2.651862594255e-001 1.707443831362e-001 8.358870189213e-002 0.000000000000e+000
 0.000000000000e+000 8.806859674477e-002 1.792664587089e-001 2.768341971367e-001 3.842390667049e-001 5.052983081399e-001 6.445657942922e-001 7.646287194182e-001 8.615896159910e-001 9.325114699301e-001 9.752459152862e-001 9.884985384554e-001 9.718681814863e-001 9.258590477975e-001 8.518652484975e-001 7.521282728668e-001 6.296686967683e-001 4.882479934153e-001 3.677181220112e-001 2.628798330018e-001 1.692593853639e-001 8.286172060078e-002 0.000000000000e+000
 0.000000000000e+000 8.675223347853e-002 1.765874083436e-001 2.726981442521e-001 3.785003126271e-001 4.977545402686e-001 6.349173873221e-001 7.531352870838e-001 8.486032719683e-001 9.184309867827e-001 9.605041910808e-001 9.735489693170e-001 9.571703886122e-001 9.118644274224e-001 8.390028176026e-001 7.407912720331e-001 6.202023847235e-001 4.809215333900e-001 3.622004608657e-001 2.589353728879e-001 1.667197171258e-001 8.161842331117e-002 0.000000000000e+000
 0.000000000000e+000 8.489557190856e-002 1.728084418070e-001 2.668632375630e-001 3.704030603725e-001 4.871083916412e-001 6.213164618443e-001 7.369624942190e-001 8.303509674117e-001 8.986556499919e-001 9.398092177469e-001 9.525659915770e-001 9.365397185093e-001 8.922152463787e-001 8.209337415263e-001 7.248519080067e-001 6.068764614225e-001 4.705986773685e-001 3.544260428116e-001 2.533775451123e-001 1.631412493314e-001 7.986657572225e-002 0.000000000000e+000
 0.000000000000e+000 8.250983806952e-002 1.679524356017e-001 2.593648657312e-001 3.599965363405e-001 4.734247581720e-001 6.038453199936e-001 7.162070001400e-001 8.069409739344e-001 8.733022839497e-001 9.132830765013e-001 9.256734957004e-001 9.100983611780e-001 8.670285142345e-001 7.977664910543e-001 7.044069656175e-001 5.897731749473e-001 4.573438651492e-001 3.444434019455e-001 2.462410428639e-001 1.585463160389e-001 7.761711001519e-002 0.000000000000e+000
 0.000000000000e+000 7.960964641403e-002 1.620491570780e-001 2.502490436600e-001 3.473446903316e-001 4.567878616336e-001 5.826109612315e-001 6.909948695432e-001 7.785147594085e-001 8.425236638569e-001 8.810854319438e-001 8.930334163622e-001 8.780058273089e-001 8.364566782406e-001 7.696419937529e-001 6.795817042319e-001 5.689983929598e-001 4.412397360101e-001 3.323147858521e-001 2.375703689966e-001 1.529635710940e-001 7.488405354570e-002 0.000000000000e+000
 0.000000000000e+000 7.621288970635e-002 1.551350422366e-001 2.395720738123e-001 3.325257327930e-001 4.373006510319e-001 5.577443135676e-001 6.614806432736e-001 7.452459315360e-001 8.065073695613e-001 8.434123363784e-001 8.548445288266e-001 8.404577783399e-001 8.006865274292e-001 7.367326498861e-001 6.505290192962e-001 5.446809382991e-001 4.223866318287e-001 3.181157770548e-001 2.274195620694e-001 1.464278098096e-001 7.168444089122e-002 0.000000000000e+000
 0.000000000000e+000 7.234061297382e-002 1.472529404151e-001 2.274001548713e-001 3.156315965345e-001 4.150841014608e-001 5.293993337433e-001 6.278462559077e-001 7.073390097466e-001 7.654744535685e-001 8.004948390606e-001 8.113410463157e-001 7.976846590235e-001 7.599379060972e-001 6.992411696274e-001 6.174284416562e-001 5.169717828976e-001 4.009019880826e-001 3.019348319857e-001 2.158518648894e-001 1.389797544575e-001 6.803820846327e-002 0.000000000000e+000
 0.000000000000e+000 6.801687103788e-002 1.384518251344e-001 2.138089371941e-001 2.967673230521e-001 3.902764117777e-001 4.977519785912e-001 5.902998026566e-001 6.650280283535e-001 7.196779266087e-001 7.525974041395e-001 7.627910223728e-001 7.499501365874e-001 7.144622407195e-001 6.573992355355e-001 5.804849786087e-001 4.860431040904e-001 3.769196159217e-001 2.838727390763e-001 2.029393361017e-001 1.306658035854e-001 6.396807157698e-002 0.000000000000e+000
 0.000000000000e+000 6.326856966488e-002 1.287864713394e-001 1.988830257640e-001 2.760503749939e-001 3.630321038260e-001 4.629990512823e-001 5.490741597904e-001 6.185749756820e-001 6.694010659549e-001 7.000161428683e-001 7.094945640303e-001 6.975493523806e-001 6.645408861305e-001 6.114659959947e-001 5.399278022107e-001 4.520872086736e-001 3.505888796341e-001 2.640419987335e-001 1.887624064457e-001 1.215377459974e-001 5.949938431994e-002 0.000000000000e+000
 0.000000000000e+000 5.812529074166e-002 1.183170999524e-001 1.827154322727e-001 2.536098773714e-001 3.335210270749e-001 4.253569274793e-001 5.044254643008e-001 5.682680755305e-001 6.149555533984e-001 6.430768673977e-001 6.517818633394e-001 6.408069936221e-001 6.104832984839e-001 5.617263968768e-001 4.960087917409e-001 4.153153311460e-001 3.220737747188e-001 2.425661288412e-001 1.734093820622e-001 1.116524408115e-001 5.465998287121e-002 0.000000000000e+000
 0.000000000000e+000 5.261910215018e-002 1.071089911680e-001 1.654069786735e-001 2.295857909797e-001 3.019272735065e-001 3.850601675612e-001 4.566314598848e-001 5.144199188407e-001 5.566794513956e-001 5.821329751187e-001 5.900110564692e-001 5.800751944875e-001 5.526250440391e-001 5.084893600907e-001 4.490009384129e-001 3.759563135095e-001 2.915519125236e-001 2.195789000985e-001 1.569758978046e-001 1.010714654223e-001 4.948001314133e-002 0.000000000000e+000
 0.000000000000e+000 4.678435322222e-002 9.523206832218e-002 1.470656551136e-001 2.041280221981e-001 2.684480084186e-001 3.423600221101e-001 4.059897175595e-001 4.573654548285e-001 4.949350273732e-001 5.175631740446e-001 5.245659211175e-001 5.157312772636e-001 4.913256542342e-001 4.520858189549e-001 3.991966215198e-001 3.342551748271e-001 2.592134180382e-001 1.952235060592e-001 1.395643239569e-001 8.986073351639e-002 4.399174376921e-002 0.000000000000e+000
 0.000000000000e+000 4.065745682027e-002 8.276045448515e-002 1.278059356241e-001 1.773954739475e-001 2.332922235394e-001 2.975228387650e-001 3.528157403274e-001 3.974598520818e-001 4.301064375311e-001 4.497690611225e-001 4.558534243773e-001 4.481753456640e-001 4.269663387786e-001 3.928666214736e-001 3.469057661509e-001 2.904715794761e-001 2.252597479881e-001 1.696516731923e-001 1.212831301152e-001 7.809008553391e-002 3.822936563988e-002 0.000000000000e+000
 0.000000000000e+000 3.427665922615e-002 6.977200419996e-002 1.077480553396e-001 1.495550430989e-001 1.966794194982e-001 2.508283793624e-001 2.974409622980e-001 3.350762412532e-001 3.625972826923e-001 3.791725666273e-001 3.843011344726e-001 3.778277436306e-001 3.599475696527e-001 3.312003136199e-001 2.924538934806e-001 2.448782136906e-001 1.899024368605e-001 1.430227166803e-001 1.022462102960e-001 6.583285417755e-002 3.222877919092e-002 0.000000000000e+000
 0.000000000000e+000 2.768179913140e-002 5.634781301084e-002 8.701725335454e-002 1.207805700740e-001 1.588382252572e-001 2.025680570058e-001 2.402106535482e-001 2.706033519704e-001 2.928280498330e-001 3.062132789139e-001 3.103545109055e-001 3.051263940364e-001 2.906865499166e-001 2.674708156407e-001 2.361800753909e-001 1.977590805679e-001 1.533617789236e-001 1.155025480093e-001 8.257217358345e-002 5.316540773769e-002 2.602737086053e-002 0.000000000000e+000
 0.000000000000e+000 2.091405711843e-002 4.257170761532e-002 6.574298561097e-002 9.125174676454e-002 1.200049626022e-001 1.530431033318e-001 1.814817427685e-001 2.044430574592e-001 2.212334538670e-001 2.313456647900e-001 2.344740885446e-001 2.305240326675e-001 2.196145821264e-001 2.020750051875e-001 1.784348058534e-001 1.494077242293e-001 1.158654546791e-001 8.726264069661e-002 6.238360484769e-002 4.016667414671e-002 1.966378010179e-002 0.000000000000e+000
 0.000000000000e+000 1.401569709990e-002 2.852971963262e-002 4.405811244974e-002 6.115298922316e-002 8.042216420921e-002 1.025626767845e-001 1.216205703971e-001 1.370078411218e-001 1.482596950721e-001 1.550362016137e-001 1.571325720354e-001 1.544853536800e-001 1.471743519187e-001 1.354202217614e-001 1.195778020680e-001 1.001253942612e-001 7.764711050716e-002 5.847896075360e-002 4.180630024486e-002 2.691764879455e-002 1.317765844669e-002 0.000000000000e+000
 0.000000000000e+000 7.029801248477e-003 1.430954611109e-002 2.209806565784e-002 3.067228184806e-002 4.033705415277e-002 5.144192315419e-002 6.100058548848e-002 6.871819993069e-002 7.436164821816e-002 7.776043792766e-002 7.881185761698e-002 7.748408341481e-002 7.381714296427e-002 6.792170752647e-002 5.997574883263e-002 5.021916193521e-002 3.894490053799e-002 2.933086868579e-002 2.096848236356e-002 1.350088923624e-002 6.609422152286e-003 0.000000000000e+000
 0.000000000000e+000 4.697615334329e-014 9.572664924968e-014 1.477286160670e-013 2.051977463169e-013 2.692034851316e-013 3.425001929203e-013 4.056884611323e-013 4.567209309606e-013 4.941499324576e-013 5.166203792187e-013 5.236819785567e-013 5.148150001269e-013 4.904844658167e-013 4.515530859147e-013 3.991823630533e-013 3.348704672947e-013 2.606289865314e-013 1.967705397172e-013 1.409068922727e-013 9.086653927624e-014 4.448849666352e-014 0.000000000000e+000
 0.000000000000e+000 -7.029801248384e-003 -1.430954611090e-002 -2.209806565754e-002 -3.067228184765e-002 -4.033705415224e-002 -5.144192315351e-002 -6.100058548767e-002 -6.871819992978e-002 -7.436164821718e-002 -7.776043792663e-002 -7.881185761593e-002 -7.748408341378e-002 -7.381714296329e-002 -6.792170752557e-002 -5.997574883183e-002 -5.021916193454e-002 -3.894490053748e-002 -2.933086868540e-002 -2.096848236328e-002 -1.350088923606e-002 -6.609422152198e-003 0.000000000000e+000
 0.000000000000e+000 -1.401569709981e-002 -2.852971963243e-002 -4.405811244944e-002 -6.115298922275e-002 -8.042216420868e-002 -1.025626767838e-001 -1.216205703963e-001 -1.370078411209e-001 -1.482596950711e-001 -1.550362016127e-001 -1.571325720344e-001 -1.544853536789e-001 -1.471743519177e-001 -1.354202217605e-001 -1.195778020672e-001 -1.001253942605e-001 -7.764711050665e-002 -5.847896075322e-002 -4.180630024458e-002 -2.691764879437e-002 -1.317765844660e-002 0.000000000000e+000
 0.000000000000e+000 -2.091405711834e-002 -4.257170761513e-002 -6.574298561068e-002 -9.125174676414e-002 -1.200049626017e-001 -1.530431033311e-001 -1.814817427677e-001 -2.044430574583e-001 -2.212334538661e-001 -2.313456647890e-001 -2.344740885436e-001 -2.305240326664e-001 -2.196145821254e-001 -2.020750051866e-001 -1.784348058527e-001 -1.494077242286e-001 -1.158654546786e-001 -8.726264069623e-002 -6.238360484742e-002 -4.016667414653e-002 -1.966378010171e-002 0.000000000000e+000
 0.000000000000e+000 -2.768179913131e-002 -5.634781301066e-002 -8.701725335426e-002 -1.207805700736e-001 -1.588382252567e-001 -2.025680570051e-001 -2.402106535474e-001 -2.706033519695e-001 -2.928280498320e-001 -3.062132789129e-001 -3.103545109045e-001 -3.051263940354e-001 -2.906865499157e-001 -2.674708156398e-001 -2.361800753902e-001 -1.977590805673e-001 -1.533617789231e-001 -1.155025480089e-001 -8.257217358318e-002 -5.316540773752e-002 -2.602737086045e-002 0.000000000000e+000
 0.000000000000e+000 -3.427665922607e-002 -6.977200419978e-002 -1.077480553393e-001 -1.495550430985e-001 -1.966794194977e-001 -2.508283793618e-001 -2.974409622973e-001 -3.350762412524e-001 -3.625972826914e-001 -3.791725666263e-001 -3.843011344716e-001 -3.778277436296e-001 -3.599475696518e-001 -3.312003136190e-001 -2.924538934799e-001 -2.448782136900e-001 -1.899024368600e-001 -1.430227166800e-001 -1.022462102957e-001 -6.583285417738e-002 -3.222877919084e-002 0.000000000000e+000
 0.000000000000e+000 -4.065745682019e-002 -8.276045448498e-002 -1.278059356238e-001 -1.773954739471e-001 -2.332922235389e-001 -2.975228387644e-001 -3.528157403267e-001 -3.974598520810e-001 -4.301064375302e-001 -4.497690611216e-001 -4.558534243763e-001 -4.481753456631e-001 -4.269663387777e-001 -3.928666214727e-001 -3.469057661502e-001 -2.904715794755e-001 -2.252597479877e-001 -1.696516731919e-001 -1.212831301150e-001 -7.809008553375e-002 -3.822936563981e-002 0.000000000000e+000
 0.000000000000e+000 -4.678435322214e-002 -9.523206832202e-002 -1.470656551133e-001 -2.041280221978e-001 -2.684480084181e-001 -3.423600221095e-001 -4.059897175588e-001 -4.573654548277e-001 -4.949350273724e-001 -5.175631740437e-001 -5.245659211166e-001 -5.157312772627e-001 -4.913256542333e-001 -4.520858189541e-001 -3.991966215191e-001 -3.342551748265e-001 -2.592134180377e-001 -1.952235060588e-001 -1.395643239567e-001 -8.986073351624e-002 -4.399174376914e-002 0.000000000000e+000
 0.000000000000e+000 -5.261910215010e-002 -1.071089911678e-001 -1.654069786733e-001 -2.295857909794e-001 -3.019272735061e-001 -3.850601675607e-001 -4.566314598841e-001 -5.144199188400e-001 -5.566794513948e-001 -5.821329751179e-001 -5.900110564684e-001 -5.800751944867e-001 -5.526250440383e-001 -5.084893600899e-001 -4.490009384122e-001 -3.759563135090e-001 -2.915519125232e-001 -2.195789000982e-001 -1.569758978044e-001 -1.010714654222e-001 -4.948001314126e-002 0.000000000000e+000
 0.000000000000e+000 -5.812529074159e-002 -1.183170999522e-001 -1.827154322725e-001 -2.536098773711e-001 -3.335210270745e-001 -4.253569274788e-001 -5.044254643001e-001 -5.682680755298e-001 -6.149555533976e-001 -6.430768673969e-001 -6.517818633386e-001 -6.408069936214e-001 -6.104832984831e-001 -5.617263968761e-001 -4.960087917403e-001 -4.153153311455e-001 -3.220737747184e-001 -2.425661288409e-001 -1.734093820620e-001 -1.116524408114e-001 -5.465998287114e-002 0.000000000000e+000
 0.000000000000e+000 -6.326856966481e-002 -1.287864713393e-001 -1.988830257638e-001 -2.760503749936e-001 -3.630321038256e-001 -4.629990512818e-001 -5.490741597898e-001 -6.185749756813e-001 -6.694010659542e-001 -7.000161428676e-001 -7.094945640296e-001 -6.975493523799e-001 -6.645408861298e-001 -6.114659959941e-001 -5.399278022102e-001 -4.520872086731e-001 -3.505888796337e-001 -2.640419987332e-001 -1.887624064455e-001 -1.215377459973e-001 -5.949938431988e-002 0.000000000000e+000
 0.000000000000e+000 -6.801687103782e-002 -1.384518251342e-001 -2.138089371939e-001 -2.967673230519e-001 -3.902764117774e-001 -4.977519785908e-001 -5.902998026561e-001 -6.650280283530e-001 -7.196779266081e-001 -7.525974041388e-001 -7.627910223721e-001 -7.499501365867e-001 -7.144622407188e-001 -6.573992355349e-001 -5.804849786082e-001 -4.860431040900e-001 -3.769196159214e-001 -2.838727390760e-001 -2.029393361015e-001 -1.306658035852e-001 -6.396807157693e-002 0.000000000000e+000
 0.000000000000e+000 -7.234061297377e-002 -1.472529404150e-001 -2.274001548711e-001 -3.156315965343e-001 -4.150841014605e-001 -5.293993337429e-001 -6.278462559073e-001 -7.073390097461e-001 -7.654744535679e-001 -8.004948390600e-001 -8.113410463151e-001 -7.976846590229e-001 -7.599379060966e-001 -6.992411696268e-001 -6.174284416557e-001 -5.169717828972e-001 -4.009019880823e-001 -3.019348319855e-001 -2.158518648892e-001 -1.389797544574e-001 -6.803820846323e-002 0.000000000000e+000
 0.000000000000e+000 -7.621288970631e-002 -1.551350422365e-001 -2.395720738121e-001 -3.325257327928e-001 -4.373006510316e-001 -5.577443135672e-001 -6.614806432732e-001 -7.452459315355e-001 -8.065073695608e-001 -8.434123363779e-001 -8.548445288260e-001 -8.404577783394e-001 -8.006865274287e-001 -7.367326498856e-001 -6.505290192958e-001 -5.446809382988e-001 -4.223866318285e-001 -3.181157770546e-001 -2.274195620693e-001 -1.464278098095e-001 -7.168444089118e-002 0.000000000000e+000
 0.000000000000e+000 -7.960964641399e-002 -1.620491570779e-001 -2.502490436599e-001 -3.473446903314e-001 -4.567878616334e-001 -5.826109612312e-001 -6.909948695428e-001 -7.785147594081e-001 -8.425236638564e-001 -8.810854319433e-001 -8.930334163617e-001 -8.780058273084e-001 -8.364566782402e-001 -7.696419937525e-001 -6.795817042315e-001 -5.689983929595e-001 -4.412397360099e-001 -3.323147858520e-001 -2.375703689965e-001 -1.529635710939e-001 -7.488405354567e-002 0.000000000000e+000
 0.000000000000e+000 -8.250983806950e-002 -1.679524356017e-001 -2.593648657312e-001 -3.599965363404e-001 -4.734247581718e-001 -6.038453199934e-001 -7.162070001397e-001 -8.069409739340e-001 -8.733022839494e-001 -9.132830765009e-001 -9.256734957000e-001 -9.100983611776e-001 -8.670285142341e-001 -7.977664910539e-001 -7.044069656172e-001 -5.897731749470e-001 -4.573438651491e-001 -3.444434019454e-001 -2.462410428638e-001 -1.585463160388e-001 -7.761711001517e-002 0.000000000000e+000
 0.000000000000e+000 -8.489557190854e-002 -1.728084418069e-001 -2.668632375630e-001 -3.704030603724e-001 -4.871083916411e-001 -6.213164618441e-001 -7.369624942188e-001 -8.303509674114e-001 -8.986556499916e-001 -9.398092177466e-001 -9.525659915766e-001 -9.365397185089e-001 -8.922152463784e-001 -8.209337415260e-001 -7.248519080064e-001 -6.068764614223e-001 -4.705986773684e-001 -3.544260428115e-001 -2.533775451122e-001 -1.631412493314e-001 -7.986657572223e-002 0.000000000000e+000
 0.000000000000e+000 -8.675223347852e-002 -1.765874083436e-001 -2.726981442521e-001 -3.785003126271e-001 -4.977545402685e-001 -6.349173873220e-001 -7.531352870836e-001 -8.486032719681e-001 -9.184309867825e-001 -9.605041910806e-001 -9.735489693167e-001 -9.571703886119e-001 -9.118644274221e-001 -8.390028176023e-001 -7.407912720329e-001 -6.202023847234e-001 -4.809215333899e-001 -3.622004608657e-001 -2.589353728879e-001 -1.667197171258e-001 -8.161842331116e-002 0.000000000000e+000
 0.000000000000e+000 -8.806859674478e-002 -1.792664587089e-001 -2.768341971367e-001 -3.842390667049e-001 -5.052983081398e-001 -6.445657942922e-001 -7.646287194181e-001 -8.615896159908e-001 -9.325114699299e-001 -9.752459152860e-001 -9.884985384551e-001 -9.718681814861e-001 -9.258590477973e-001 -8.518652484973e-001 -7.521282728667e-001 -6.296686967682e-001 -4.882479934152e-001 -3.677181220112e-001 -2.628798330018e-001 -1.692593853639e-001 -8.286172060078e-002 0.000000000000e+000
 0.000000000000e+000 -8.883691949737e-002 -1.808297984451e-001 -2.792469221596e-001 -3.875852085958e-001 -5.096946217298e-001 -6.502047152518e-001 -7.713763127457e-001 -8.692358078724e-001 -9.408171846542e-001 -9.839508911650e-001 -9.973298551295e-001 -9.805491980274e-001 -9.341184387711e-001 -8.594458235516e-001 -7.587952743366e-001 -6.352172892763e-001 -4.925322001814e-001 -3.709445017649e-001 -2.651862594255e-001 -1.707443831362e-001 -8.358870189213e-002 0.000000000000e+000
 0.000000000000e+000 -8.905302647054e-002 -1.812688795677e-001 -2.799230029055e-001 -3.885200563849e-001 -5.109186271155e-001 -6.518030249037e-001 -7.733423927410e-001 -8.715024481196e-001 -9.433058975399e-001 -9.865750028352e-001 -9.999979226803e-001 -9.831686000304e-001 -9.365989827089e-001 -8.617032149983e-001 -7.607542988452e-001 -6.368145693292e-001 -4.937471485516e-001 -3.718593014489e-001 -2.658401777528e-001 -1.711654142269e-001 -8.379482448411e-002 0.000000000000e+000
 0.000000000000e+000 -8.871638442174e-002 -1.805825457422e-001 -2.788604873755e-001 -3.870406192082e-001 -5.089659939352e-001 -6.493558225230e-001 -7.705225646316e-001 -8.683854730424e-001 -9.399736432262e-001 -9.831141227461e-001 -9.964981912027e-001 -9.797211810849e-001 -9.332946323352e-001 -8.586304228233e-001 -7.579973760080e-001 -6.344516924967e-001 -4.918848449949e-001 -3.704565906577e-001 -2.648374238081e-001 -1.705198430183e-001 -8.347881394305e-002 0.000000000000e+000
 0.000000000000e+000 -8.783017635223e-002 -1.787771709652e-001 -2.760689739764e-001 -3.831598102257e-001 -5.038531369614e-001 -6.428846973724e-001 -7.629440481267e-001 -8.599165355071e-001 -9.308551293443e-001 -9.736045221693e-001 -9.868669574070e-001 -9.702417405530e-001 -9.242372428511e-001 -8.502550473387e-001 -7.505467366110e-001 -6.281446595517e-001 -4.869563648121e-001 -3.667448880397e-001 -2.621842295681e-001 -1.688117658183e-001 -8.264270441048e-002 0.000000000000e+000
 0.000000000000e+000 -8.640138680429e-002 -1.758668129667e-001 -2.715698024994e-001 -3.769066382361e-001 -4.956173734510e-001 -6.324378906505e-001 -7.506658833615e-001 -8.461632305274e-001 -9.160239635869e-001 -9.581230883960e-001 -9.711815654735e-001 -9.548052629857e-001 -9.094967224914e-001 -8.366393986128e-001 -7.384548634498e-001 -6.179342883175e-001 -4.789918219419e-001 -3.607472017505e-001 -2.578972992638e-001 -1.660520866348e-001 -8.129188470593e-002 0.000000000000e+000
 0.000000000000e+000 -8.444091792747e-002 -1.718734163583e-001 -2.653962926275e-001 -3.683264184536e-001 -4.843170458450e-001 -6.180903751097e-001 -7.337790247068e-001 -8.272291756453e-001 -8.955927059870e-001 -9.367873472025e-001 -9.495604066883e-001 -9.335269038635e-001 -8.891810083085e-001 -8.178804562370e-001 -7.218044175992e-001 -6.038860804586e-001 -4.680402771991e-001 -3.525010660530e-001 -2.520039144106e-001 -1.622586295022e-001 -7.943516833627e-002 0.000000000000e+000
 0.000000000000e+000 -8.196376869992e-002 -1.668271232039e-001 -2.575941000504e-001 -3.574810689660e-001 -4.700316576646e-001 -5.999438850568e-001 -7.124063466470e-001 -8.032539578489e-001 -8.697127462162e-001 -9.097552827814e-001 -9.221627089332e-001 -9.065617782427e-001 -8.634358741257e-001 -7.941096983726e-001 -7.007080687818e-001 -5.860900156862e-001 -4.541696284875e-001 -3.420586353278e-001 -2.445421327283e-001 -1.574563410676e-001 -7.708491765492e-002 0.000000000000e+000
 0.000000000000e+000 -7.898933042965e-002 -1.607667859213e-001 -2.482218058267e-001 -3.444496024730e-001 -4.528621002636e-001 -5.781269474528e-001 -6.867025963511e-001 -7.744129596176e-001 -8.385739981178e-001 -8.772249347702e-001 -8.891880941026e-001 -8.741045398543e-001 -8.324445758664e-001 -7.654928260779e-001 -6.753082734955e-001 -5.646603255472e-001 -4.374665552466e-001 -3.294869378093e-001 -2.355611894440e-001 -1.516776729117e-001 -7.425727242767e-002 0.000000000000e+000
 0.000000000000e+000 -7.554188529762e-002 -1.537408384855e-001 -2.373519303504e-001 -3.293289950764e-001 -4.329310975901e-001 -5.527949934464e-001 -6.568543426606e-001 -7.409170754179e-001 -8.024043885922e-001 -8.394337291620e-001 -8.508758582708e-001 -8.363887214371e-001 -7.964273344093e-001 -7.322294181511e-001 -6.457770671224e-001 -5.397353299263e-001 -4.180366365752e-001 -3.148684600156e-001 -2.251222821511e-001 -1.449632923101e-001 -7.097256594531e-002 0.000000000000e+000
 0.000000000000e+000 -7.165144843696e-002 -1.458087813688e-001 -2.250726895805e-001 -3.122357364385e-001 -4.103840798010e-001 -5.241306759800e-001 -6.230799932974e-001 -7.030123240942e-001 -7.614690898134e-001 -7.966574602344e-001 -8.075038899182e-001 -7.936857779716e-001 -7.556406453387e-001 -6.945525637835e-001 -6.123159704603e-001 -5.114774685048e-001 -3.960048409971e-001 -2.983023490473e-001 -2.133000423496e-001 -1.373633678892e-001 -6.725606531068e-002 0.000000000000e+000
 0.000000000000e+000 -6.735517744832e-002 -1.370436953063e-001 -2.114910223681e-001 -2.933085772158e-001 -3.853908414711e-001 -4.923445953631e-001 -5.856299840867e-001 -6.609793466261e-001 -7.160693928532e-001 -7.492087739903e-001 -7.593870769025e-001 -7.463037261549e-001 -7.103763843415e-001 -6.527285354237e-001 -5.751561630356e-001 -4.800737378962e-001 -3.715167189960e-001 -2.799067198617e-001 -2.001852024252e-001 -1.289398365089e-001 -6.313925779609e-002 0.000000000000e+000
 0.000000000000e+000 -6.269969592729e-002 -1.275364482569e-001 -1.967377710651e-001 -2.727133636233e-001 -3.581485994962e-001 -4.576767626997e-001 -5.447872884160e-001 -6.151327402128e-001 -6.665410297869e-001 -6.974348946304e-001 -7.068749512213e-001 -6.945851962462e-001 -6.609606392893e-001 -6.070565807878e-001 -5.345591535080e-001 -4.457368718113e-001 -3.447408617692e-001 -2.598229066367e-001 -1.858893150514e-001 -1.197703144135e-001 -5.866203598026e-002 0.000000000000e+000
 0.000000000000e+000 -5.774483919960e-002 -1.174026286452e-001 -1.809764869455e-001 -2.506515314465e-001 -3.288875530778e-001 -4.203993510881e-001 -5.008684497829e-001 -5.658200895428e-001 -6.132515890415e-001 -6.417141629355e-001 -6.503481685516e-001 -6.389045940807e-001 -6.077521318480e-001 -5.578689231234e-001 -4.908182913870e-001 -4.087078088291e-001 -3.158736135291e-001 -2.382231377237e-001 -1.705529732924e-001 -1.099547129426e-001 -5.387632041764e-002 0.000000000000e+000
 0.000000000000e+000 -5.256949027656e-002 -1.067937234209e-001 -1.644183021087e-001 -2.273751310683e-001 -2.978810299853e-001 -3.808216742684e-001 -4.542253824520e-001 -5.134203451705e-001 -5.565963791675e-001 -5.824506945087e-001 -5.902132094629e-001 -5.796638994941e-001 -5.511399670406e-001 -5.055310369197e-001 -4.442616204015e-001 -3.692603389599e-001 -2.851478531315e-001 -2.153243313805e-001 -1.543599805011e-001 -9.962618853719e-002 -4.885188148497e-002 0.000000000000e+000
 0.000000000000e+000 -4.728017092999e-002 -9.591451681747e-002 -1.473468444694e-001 -2.032138557745e-001 -2.654644811800e-001 -3.392990476626e-001 -4.052481189314e-001 -4.583407003863e-001 -4.969915825982e-001 -5.200661039237e-001 -5.268944410477e-001 -5.172864002478e-001 -4.915402177187e-001 -4.504421375110e-001 -3.952567540660e-001 -3.277094187947e-001 -2.528494502016e-001 -1.914131549652e-001 -1.375615804461e-001 -8.896873434989e-002 -4.368526625010e-002 0.000000000000e+000
 0.000000000000e+000 -4.202242307588e-002 -8.504851120482e-002 -1.301593289903e-001 -1.786250125131e-001 -2.320730469496e-001 -2.962485440221e-001 -3.543681612466e-001 -4.010099328288e-001 -4.348626552400e-001 -4.549868290941e-001 -4.608224932723e-001 -4.522074114186e-001 -4.293904137476e-001 -3.930353859090e-001 -3.442185422577e-001 -2.844257214798e-001 -2.193494128296e-001 -1.668926929251e-001 -1.205174401079e-001 -7.824408075016e-002 -3.851241780157e-002 0.000000000000e+000
 0.000000000000e+000 -3.699265596127e-002 -7.459048419280e-002 -1.134318203629e-001 -1.542891838642e-001 -1.983231819915e-001 -2.521772557410e-001 -3.020599192470e-001 -3.418633856984e-001 -3.706245275782e-001 -3.876253903098e-001 -3.924180823248e-001 -3.848608914932e-001 -3.651401907598e-001 -3.337760553093e-001 -2.916198279316e-001 -2.398609940839e-001 -1.851724381688e-001 -1.423726297339e-001 -1.037632757258e-001 -6.782908391361e-002 -3.352378506365e-002 0.000000000000e+000
 0.000000000000e+000 -3.244194365647e-002 -6.507514054905e-002 -9.801288622541e-002 -1.312988211782e-001 -1.652163485174e-001 -2.077332678295e-001 -2.488298166477e-001 -2.813084585730e-001 -3.046484903408e-001 -3.183547601052e-001 -3.220716416822e-001 -3.156612027039e-001 -2.992349539545e-001 -2.731526535909e-001 -2.380028917702e-001 -1.945925030012e-001 -1.511652643978e-001 -1.188504234304e-001 -8.811526707717e-002 -5.825700631770e-002 -2.897530476613e-002 0.000000000000e+000
 0.000000000000e+000 -2.865082722139e-002 -5.716255182249e-002 -8.511844720469e-002 -1.115251363586e-001 -1.347419127033e-001 -1.637941952110e-001 -1.951552098612e-001 -2.196468545805e-001 -2.372108813899e-001 -2.474790004203e-001 -2.501226346648e-001 -2.449809056942e-001 -2.320875966762e-001 -2.116484616779e-001 -1.839784893500e-001 -1.494005000305e-001 -1.189928464156e-001 -9.807965288183e-002 -7.480143955660e-002 -5.023135822031e-002 -2.517633921505e-002 0.000000000000e+000
 0.000000000000e+000 -2.583854772501e-002 -5.148118395790e-002 -7.626797244125e-002 -9.821008268744e-002 -1.119948125846e-001 -1.215870380056e-001 -1.412423973943e-001 -1.569133043158e-001 -1.684299321217e-001 -1.752145113264e-001 -1.768494951990e-001 -1.731299554397e-001 -1.640334079112e-001 -1.496668453196e-001 -1.301615857806e-001 -1.053915922033e-001 -9.289748994635e-002 -8.324809875030e-002 -6.550537726431e-002 -4.452116763751e-002 -2.241616435846e-002 0.000000000000e+000
 0.000000000000e+000 -2.397948823040e-002 -4.816453884280e-002 -7.249753314777e-002 -9.593087343927e-002 -1.137435780195e-001 -8.260413920870e-002 -8.616997273072e-002 -9.261923223657e-002 -9.824679359047e-002 -1.017182845305e-001 -1.024900000266e-001 -1.003505996901e-001 -9.527511827197e-002 -8.737304186410e-002 -7.686891604309e-002 -6.409912366296e-002 -8.694207676543e-002 -7.954358337830e-002 -6.183793532116e-002 -4.155420107312e-002 -2.078403539537e-002 0.000000000000e+000
 0.000000000000e+000 -2.261768722001e-002 -4.611161664724e-002 -7.175159634475e-002 -1.020839620579e-001 -1.436632162561e-001 -1.643135952761e-001 -1.603984781973e-001 -1.648351710734e-001 -1.702984953012e-001 -1.739188796329e-001 -1.744859807924e-001 -1.715949268573e-001 -1.654156013102e-001 -1.567800627335e-001 -1.477288251593e-001 -1.433902384143e-001 -1.233628416527e-001 -8.904493203085e-002 -6.300206368377e-002 -4.058797477715e-002 -1.992318328780e-002 0.000000000000e+000
 0.000000000000e+000 -2.104255149944e-002 -4.326414117926e-002 -6.841625915321e-002 -9.998216677278e-002 -1.463604467227e-001 -2.197415764495e-001 -2.300031351573e-001 -2.398462733862e-001 -2.481117229917e-001 -2.531543111862e-001 -2.539282378303e-001 -2.500580902703e-001 -2.418276920685e-001 -2.302706267024e-001 -2.174249465837e-001 -2.066972456657e-001 -1.418683780745e-001 -9.351619477139e-002 -6.283331962442e-002 -3.935154890150e-002 -1.904675913794e-002 0.000000000000e+000
 0.000000000000e+000 -1.890511904561e-002 -3.875417703867e-002 -6.067236170453e-002 -8.599840169058e-002 -1.153112183999e-001 -1.513078621460e-001 -1.730852584396e-001 -1.861139721555e-001 -1.945325140715e-001 -1.991821583992e-001 -2.000911068216e-001 -1.972516825101e-001 -1.908369716335e-001 -1.811603644171e-001 -1.682399525286e-001 -1.500659558030e-001 -1.161191135827e-001 -8.372604546853e-002 -5.775322882654e-002 -3.637218235073e-002 -1.760640207017e-002 0.000000000000e+000
 0.000000000000e+000 -1.637784254476e-002 -3.331094217072e-002 -5.129887048147e-002 -7.054840872201e-002 -9.023338735382e-002 -1.122614544963e-001 -1.312235983138e-001 -1.437741661905e-001 -1.518113128142e-001 -1.562092528839e-001 -1.572940236066e-001 -1.552087627139e-001 -1.500625854873e-001 -1.418957120121e-001 -1.304395057779e-001 -1.146761812060e-001 -9.302619151667e-002 -7.056677038975e-002 -5.018599802300e-002 -3.210301648399e-002 -1.564827533179e-002 0.000000000000e+000
 0.000000000000e+000 -1.377533127900e-002 -2.778919742035e-002 -4.216730085694e-002 -5.673069645991e-002 -7.068406610693e-002 -8.581224591509e-002 -1.005555349507e-001 -1.111871672689e-001 -1.182615917891e-001 -1.222420591354e-001 -1.233990453973e-001 -1.218828420337e-001 -1.177774425405e-001 -1.110913239521e-001 -1.016996244635e-001 -8.935207529993e-002 -7.413274041271e-002 -5.790042490775e-002 -4.214984323125e-002 -2.737550112848e-002 -1.345393369909e-002 0.000000000000e+000
 0.000000000000e+000 -1.133802980834e-002 -2.271769596811e-002 -3.408633111798e-002 -4.518574443915e-002 -5.544703816205e-002 -6.642988933926e-002 -7.766355046759e-002 -8.620923385895e-002 -9.211549023661e-002 -9.555306406481e-002 -9.667413704009e-002 -9.558774456807e-002 -9.236503772967e-002 -8.704088180551e-002 -7.962170763872e-002 -7.015590332616e-002 -5.895379856004e-002 -4.686233984426e-002 -3.467346396187e-002 -2.279282294755e-002 -1.128224355851e-002 0.000000000000e+000
 0.000000000000e+000 -9.191401160423e-003 -1.832306420443e-002 -2.727362808026e-002 -3.580327239257e-002 -4.352473147265e-002 -5.172712837013e-002 -6.028974133999e-002 -6.701234495114e-002 -7.179492318705e-002 -7.466269309205e-002 -7.567967126392e-002 -7.491234853274e-002 -7.242002791166e-002 -6.825738211715e-002 -6.249197730101e-002 -5.525263743786e-002 -4.681259170948e-002 -3.762941878396e-002 -2.815241239066e-002 -1.867069406290e-002 -9.293362566724e-003 0.000000000000e+000
 0.000000000000e+000 -7.373903722857e-003 -1.464656691726e-002 -2.168121424762e-002 -2.827835271542e-002 -3.417090465262e-002 -4.039531761758e-002 -4.695300674948e-002 -5.219753020403e-002 -5.600549889304e-002 -5.834395490219e-002 -5.922740793013e-002 -5.869188932447e-002 -5.678445761732e-002 -5.356406159996e-002 -4.911350057572e-002 -4.356358158699e-002 -3.712044598232e-002 -3.006161399768e-002 -2.266199662713e-002 -1.512457157562e-002 -7.559179271542e-003 0.000000000000e+000
 0.000000000000e+000 -5.873770417053e-003 -1.163736541658e-002 -1.716176945216e-002 -2.228683693808e-002 -2.682287949784e-002 -3.159298308733e-002 -3.664048873584e-002 -4.072144086477e-002 -4.372652705874e-002 -4.560637696070e-002 -4.635246809342e-002 -4.598217983272e-002 -4.453117805145e-002 -4.205287556141e-002 -3.862416494396e-002 -3.435527658300e-002 -2.939673156914e-002 -2.393009316563e-002 -1.813523192280e-002 -1.215758257266e-002 -6.094252852725e-003 0.000000000000e+000
 0.000000000000e+000 -4.655968346808e-003 -9.208437356836e-003 -1.354465983404e-002 -1.753755660963e-002 -2.104845359748e-002 -2.472774656917e-002 -2.862976868192e-002 -3.180517903918e-002 -3.416626376959e-002 -3.566453510839e-002 -3.628307385516e-002 -3.602885610516e-002 -3.492799435777e-002 -3.302457907238e-002 -3.038254017753e-002 -2.708859548534e-002 -2.325237961816e-002 -1.899885023966e-002 -1.445213536399e-002 -9.719317826081e-003 -4.882334956902e-003 0.000000000000e+000
 0.000000000000e+000 -3.678128563475e-003 -7.265648242024e-003 -1.066785976744e-002 -1.378428873712e-002 -1.651120960727e-002 -1.936175768856e-002 -2.238897996718e-002 -2.486228001337e-002 -2.671389316307e-002 -2.790210480592e-002 -2.840865572119e-002 -2.823513183650e-002 -2.740020230771e-002 -2.593838046719e-002 -2.390001489634e-002 -2.135134205976e-002 -1.837269916080e-002 -1.505314463329e-002 -1.148180293016e-002 -7.739407602475e-003 -3.893690099940e-003 0.000000000000e+000
 0.000000000000e+000 -2.898700862459e-003 -5.721117996467e-003 -8.389509248077e-003 -1.082453615801e-002 -1.294733797057e-002 -1.516276298244e-002 -1.751800765150e-002 -1.944709349403e-002 -2.089842574287e-002 -2.183813745159e-002 -2.224957422218e-002 -2.213175152861e-002 -2.149781457213e-002 -2.037396621274e-002 -1.879875584213e-002 -1.682213949620e-002 -1.450346409782e-002 -1.190778950972e-002 -9.100941397902e-003 -6.144857302877e-003 -3.094910818258e-003 0.000000000000e+000
 0.000000000000e+000 -2.280515644288e-003 -4.498295323062e-003 -6.590413312092e-003 -8.494267735578e-003 -1.014924069499e-002 -1.187497516753e-002 -1.371158145265e-002 -1.521834717057e-002 -1.635615458797e-002 -1.709826552310e-002 -1.743056616116e-002 -1.735100578940e-002 -1.686875675742e-002 -1.600337745860e-002 -1.478396279070e-002 -1.324802460474e-002 -1.143976019744e-002 -9.407548893884e-003 -7.200970306009e-003 -4.868098899060e-003 -2.453879913369e-003 0.000000000000e+000
 0.000000000000e+000 -1.791906599609e-003 -3.532976011126e-003 -5.172741026977e-003 -6.661841411847e-003 -7.953348385672e-003 -9.299887059750e-003 -1.073467018483e-002 -1.191314272850e-002 -1.280562721789e-002 -1.339129503385e-002 -1.365861987714e-002 -1.360525015642e-002 -1.323755664497e-002 -1.257001555137e-002 -1.162444710042e-002 -1.042901746422e-002 -9.016888358520e-003 -7.424503340856e-003 -5.689708171629e-003 -3.850090237910e-003 -1.941933675418e-003 0.000000000000e+000
 0.000000000000e+000 -1.406654185321e-003 -2.772509979493e-003 -4.057342543744e-003 -5.222262088670e-003 -6.230771743382e-003 -7.282750205156e-003 -8.405259932163e-003 -9.328062405512e-003 -1.002857630487e-002 -1.049067007556e-002 -1.070511250716e-002 -1.066961777687e-002 -1.038860417321e-002 -9.872754677818e-003 -9.138408079144e-003 -8.206761699303e-003 -7.102863846785e-003 -5.854430018356e-003 -4.490611865773e-003 -3.040924327053e-003 -1.534532060125e-003 0.000000000000e+000
 0.000000000000e+000 -1.103428144342e-003 -2.174327371770e-003 -3.180774755381e-003 -4.092153251891e-003 -4.879997014588e-003 -5.702625867067e-003 -6.581859522979e-003 -7.305201806289e-003 -7.855404640068e-003 -8.219995093071e-003 -8.391655598566e-003 -8.368324079238e-003 -8.153066767241e-003 -7.753771610456e-003 -7.182688648547e-003 -6.455826368987e-003 -5.592216275905e-003 -4.613086840491e-003 -3.541030812509e-003 -2.399279824004e-003 -1.211191309833e-003 0.000000000000e+000
 0.000000000000e+000 -8.650716739525e-004 -1.704324516991e-003 -2.492501983354e-003 -3.205517100291e-003 -3.821127320828e-003 -4.464867965180e-003 -5.154205129089e-003 -5.721695175901e-003 -6.154110243123e-003 -6.441801268363e-003 -6.578997538561e-003 -6.563912756060e-003 -6.398679429357e-003 -6.089137547323e-003 -5.644498457996e-003 -5.076900623067e-003 -4.400878333678e-003 -3.632779327101e-003 -2.790186167300e-003 -1.891406861718e-003 -9.550913161904e-004 0.000000000000e+000
 0.000000000000e+000 -6.778886382700e-004 -1.335349515845e-003 -1.952444929789e-003 -2.510237153952e-003 -2.991326208107e-003 -3.495352596815e-003 -4.036226235033e-003 -4.481772252342e-003 -4.821806587914e-003 -5.048852870011e-003 -5.158370878156e-003 -5.148850607737e-003 -5.021779881770e-003 -4.781499670884e-003 -4.434962554874e-003 -3.991410600941e-003 -3.461992925924e-003 -2.859350893176e-003 -2.197207003913e-003 -1.489996362342e-003 -7.525723158962e-004 0.000000000000e+000
 0.000000000000e+000 -5.310017722893e-004 -1.045878073957e-003 -1.528915766698e-003 -1.965233551244e-003 -2.341209527003e-003 -2.736006827968e-003 -3.160662209501e-003 -3.510684745774e-003 -3.778206176125e-003 -3.957421905044e-003 -4.044762686338e-003 -4.038972169438e-003 -3.941092390794e-003 -3.754365033918e-003 -3.484059396477e-003 -3.137240386268e-003 -2.722493042568e-003 -2.249624137171e-003 -1.729364715723e-003 -1.173097379772e-003 -5.926266559309e-004 0.000000000000e+000
 0.000000000000e+000 -4.158036417494e-004 -8.188991451494e-004 -1.196917889476e-003 -1.538171282946e-003 -1.831989913966e-003 -2.141325554779e-003 -2.474911169778e-003 -2.750033928127e-003 -2.960596004498e-003 -3.102081365667e-003 -3.171684123767e-003 -3.168370307223e-003 -3.092872879535e-003 -2.947624402709e-003 -2.736634918864e-003 -2.465325112826e-003 -2.140327199337e-003 -1.769268193476e-003 -1.360551461602e-003 -9.231515356597e-004 -4.664332952080e-004 0.000000000000e+000
 0.000000000000e+000 -3.255005433267e-004 -6.409982969191e-004 -9.367661312995e-004 -1.203626427031e-003 -1.433219523158e-003 -1.675649865508e-003 -1.937813142275e-003 -2.154159909639e-003 -2.319951921026e-003 -2.431668779988e-003 -2.487103934508e-003 -2.485413093459e-003 -2.427114194465e-003 -2.314041443282e-003 -2.149258596947e-003 -1.936938769475e-003 -1.682219770340e-003 -1.391045248910e-003 -1.070002311557e-003 -7.261652864519e-004 -3.669526463580e-004 0.000000000000e+000
 0.000000000000e+000 -2.547404121272e-004 -5.016145485924e-004 -7.329778264895e-004 -9.416261611264e-004 -1.121008054553e-003 -1.311036904670e-003 -1.517148974365e-003 -1.687342057502e-003 -1.817926155500e-003 -1.906152224890e-003 -1.950284222375e-003 -1.949636801951e-003 -1.904577710541e-003 -1.816496356230e-003 -1.687742054005e-003 -1.521537084281e-003 -1.321870937720e-003 -1.093382878004e-003 -8.412400325685e-004 -5.710174040904e-004 -2.885844094834e-004 0.000000000000e+000
 0.000000000000e+000 -1.993128075535e-004 -3.924436061044e-004 -5.733874968531e-004 -7.364906949892e-004 -8.766178289048e-004 -1.025591254076e-003 -1.187691394320e-003 -1.321622929822e-003 -1.424506874195e-003 -1.494193311867e-003 -1.529315746633e-003 -1.529320406762e-003 -1.494469681592e-003 -1.425820568282e-003 -1.325180494465e-003 -1.195044087742e-003 -1.038515341321e-003 -8.592201054600e-004 -6.612138164666e-004 -4.488887755209e-004 -2.268841155548e-004 0.000000000000e+000
 0.000000000000e+000 -1.559089213095e-004 -3.069618000122e-004 -4.484434185359e-004 -5.759172845343e-004 -6.853574324848e-004 -8.021573046483e-004 -9.296840013745e-004 -1.035113678490e-003 -1.116196658341e-003 -1.171249457971e-003 -1.199196025611e-003 -1.199590546778e-003 -1.172621168406e-003 -1.119095172938e-003 -1.040407197018e-003 -9.384929584563e-004 -8.157715765872e-004 -6.750798916601e-004 -5.196021573302e-004 -3.527980696526e-004 -1.783313370663e-004 0.000000000000e+000
 0.000000000000e+000 -1.219306515545e-004 -2.400480748859e-004 -3.506506339588e-004 -4.502572970190e-004 -5.357113700744e-004 -6.272943617672e-004 -7.276529630799e-004 -8.106725040148e-004 -8.745928099978e-004 -9.180942450821e-004 -9.403291826008e-004 -9.409397949254e-004 -9.200616688938e-004 -8.783135723510e-004 -8.167744470151e-004 -7.369493215492e-004 -6.407262790171e-004 -5.303268366663e-004 -4.082520763595e-004 -2.772265965074e-004 -1.401418734879e-004 0.000000000000e+000
 0.000000000000e+000 -9.533930622997e-005 -1.876848435654e-004 -2.741310532304e-004 -3.519466041448e-004 -4.186559762944e-004 -4.904733387541e-004 -5.694779505973e-004 -6.348729093429e-004 -6.852795468019e-004 -7.196625135097e-004 -7.373539291223e-004 -7.380672975636e-004 -7.219008200595e-004 -6.893303059898e-004 -6.411924076269e-004 -5.786593429445e-004 -5.032065840525e-004 -4.165751507959e-004 -3.207301451743e-004 -2.178169957363e-004 -1.101165789755e-004 0.000000000000e+000
 0.000000000000e+000 -7.453605356298e-005 -1.467218423142e-004 -2.142767074050e-004 -2.750573817885e-004 -3.271221225529e-004 -3.834471705570e-004 -4.456653784580e-004 -4.971975315647e-004 -5.369627572968e-004 -5.641481123024e-004 -5.782272086694e-004 -5.789711284135e-004 -5.664513549244e-004 -5.410348437152e-004 -5.033717238989e-004 -4.543764320276e-004 -3.952033044810e-004 -3.272177751353e-004 -2.519643335367e-004 -1.711323002005e-004 -8.652029025368e-005 0.000000000000e+000
 0.000000000000e+000 -5.826766169348e-005 -1.146900721911e-004 -1.674768423274e-004 -2.149458192009e-004 -2.555734891928e-004 -2.997574392533e-004 -3.487796984836e-004 -3.894078416521e-004 -4.207937144108e-004 -4.422985282125e-004 -4.535072905776e-004 -4.542373879908e-004 -4.445411202370e-004 -4.247022599970e-004 -3.952269712434e-004 -3.568296404095e-004 -3.104143365423e-004 -2.570527082089e-004 -1.979591411443e-004 -1.344639460254e-004 -6.798523477421e-005 0.000000000000e+000
 0.000000000000e+000 -4.555230260685e-005 -8.965542267052e-005 -1.309033915082e-004 -1.679754647017e-004 -1.996757377607e-004 -2.343478103030e-004 -2.729982858082e-004 -3.050511350313e-004 -3.298402002719e-004 -3.468631389315e-004 -3.557926480043e-004 -3.564832293471e-004 -3.489733454415e-004 -3.334830089206e-004 -3.104070329607e-004 -2.803043272326e-004 -2.438837424256e-004 -2.019870369255e-004 -1.555695592532e-004 -1.056792128261e-004 -5.343420543514e-005 0.000000000000e+000
 0.000000000000e+000 -3.562122998508e-005 -7.010365776273e-005 -1.023425168379e-004 -1.313001455814e-004 -1.560371380324e-004 -1.832612333613e-004 -2.137630414751e-004 -2.390748171672e-004 -2.586727750217e-004 -2.721614876426e-004 -2.792826487251e-004 -2.799204175262e-004 -2.741032313370e-004 -2.620021100037e-004 -2.439256076464e-004 -2.203116803113e-004 -1.917168254281e-004 -1.588029039324e-004 -1.223220769653e-004 -8.310027866859e-005 -4.201961142286e-005 0.000000000000e+000
 0.000000000000e+000 -2.787299118102e-005 -5.485014733723e-005 -8.006245512756e-005 -1.026937718238e-004 -1.220053434649e-004 -1.434028467507e-004 -1.675077341879e-004 -1.875246277950e-004 -2.030410900270e-004 -2.137454355417e-004 -2.194335971260e-004 -2.200133575210e-004 -2.155058606128e-004 -2.060444140083e-004 -1.918706893789e-004 -1.733285095841e-004 -1.508554764260e-004 -1.249727360782e-004 -9.627319959231e-005 -6.540853510342e-005 -3.307523080559e-005 0.000000000000e+000
 0.000000000000e+000 -2.183752392763e-005 -4.296910207454e-005 -6.270995519381e-005 -8.041702077066e-005 -9.550828404552e-005 -1.123544374335e-004 -1.314446998624e-004 -1.473086000585e-004 -1.596206994338e-004 -1.681348304037e-004 -1.726894964525e-004 -1.732112320532e-004 -1.697158556316e-004 -1.623076201778e-004 -1.511763347355e-004 -1.365925907378e-004 -1.189012759174e-004 -9.851359266977e-005 -7.589781648398e-005 -5.156903445539e-005 -2.607809680949e-005 0.000000000000e+000
 0.000000000000e+000 -1.714804394940e-005 -3.373817408544e-005 -4.922922468953e-005 -6.311303475591e-005 -7.492973346749e-005 -8.822938054203e-005 -1.033981059244e-004 -1.160125599766e-004 -1.258151388328e-004 -1.326108218172e-004 -1.362714379720e-004 -1.367383433241e-004 -1.340234566784e-004 -1.282086540834e-004 -1.194435725973e-004 -1.079419191492e-004 -9.397641735999e-005 -7.787255236114e-005 -6.000129035664e-005 -4.077095656653e-005 -2.061845410884e-005 0.000000000000e+000
 0.000000000000e+000 -1.351907412790e-005 -2.659516627860e-005 -3.879860648089e-005 -4.972595594362e-005 -5.901215064252e-005 -6.955939617413e-005 -8.167379381047e-005 -9.175609867853e-005 -9.960140106313e-005 -1.050544537690e-004 -1.080130633525e-004 -1.084302345107e-004 -1.063150263047e-004 -1.017321177835e-004 -9.480011819827e-005 -8.568869101399e-005 -7.461458945279e-005 -6.183672307663e-005 -4.765038952769e-005 -3.238081336385e-005 -1.637613612136e-005 0.000000000000e+000
 0.000000000000e+000 -1.072932023558e-005 -2.110429485372e-005 -3.078123715096e-005 -3.943746247474e-005 -4.678100829832e-005 -5.520635928729e-005 -6.495791246829e-005 -7.308039495123e-005 -7.940956480248e-005 -8.382089959193e-005 -8.623231489156e-005 -8.660589525234e-005 -8.494860449547e-005 -8.131197147694e-005 -7.579077595930e-005 -6.852078523914e-005 -5.967561442823e-005 -4.946280090338e-005 -3.811919607931e-005 -2.590578554918e-005 -1.310205247793e-005 0.000000000000e+000
 0.000000000000e+000 -8.608380312403e-006 -1.693000684849e-005 -2.468675983458e-005 -3.161753103667e-005 -3.748609550392e-005 -4.429389375498e-005 -5.223828344366e-005 -5.886118315288e-005 -6.402938908336e-005 -6.764184725365e-005 -6.963185997160e-005 -6.996849964529e-005 -6.865720286498e-005 -6.573954022484e-005 -6.129217931460e-005 -5.542507858170e-005 -4.827896742146e-005 -4.002218228240e-005 -3.084693949702e-005 -2.096513307955e-005 -1.060375028725e-005 0.000000000000e+000
 0.000000000000e+000 -7.026499354432e-006 -1.381679823238e-005 -2.014181477003e-005 -2.578649252203e-005 -3.055628969648e-005 -3.615466282002e-005 -4.274380016118e-005 -4.824167111589e-005 -5.253830570380e-005 -5.555022933437e-005 -5.722228665789e-005 -5.752881680145e-005 -5.647415742160e-005 -5.409247276501e-005 -5.044691829000e-005 -4.562817058513e-005 -3.975236565337e-005 -3.295850066259e-005 -2.540536377018e-005 -1.726806364373e-005 -8.734235071847e-006 0.000000000000e+000
 0.000000000000e+000 -5.886760314069e-006 -1.157383197930e-005 -1.686755001840e-005 -2.158611739547e-005 -2.556509569682e-005 -3.029020557916e-005 -3.589824320602e-005 -4.058140756182e-005 -4.424652238801e-005 -4.682282667121e-005 -4.826352220983e-005 -4.854677566897e-005 -4.767615578338e-005 -4.568050083603e-005 -4.261322573240e-005 -3.855109133378e-005 -3.359247070231e-005 -2.785515720428e-005 -2.147376782338e-005 -1.459680154027e-005 -7.383417384417e-006 0.000000000000e+000
 0.000000000000e+000 -5.119246464663e-006 -1.006343971184e-005 -1.466281120488e-005 -1.875800430162e-005 -2.220489116622e-005 -2.634091858705e-005 -3.128575521761e-005 -3.541805205391e-005 -3.865597142114e-005 -4.093733965896e-005 -4.222100825007e-005 -4.248773854879e-005 -4.174059294076e-005 -4.000482758883e-005 -3.732729404672e-005 -3.377536850507e-005 -2.943543787101e-005 -2.441098099559e-005 -1.882029099048e-005 -1.279389066466e-005 -6.471697759337e-006 0.000000000000e+000
 0.000000000000e+000 -4.676827118046e-006 -9.192821090125e-006 -1.339200681807e-005 -1.712798051725e-005 -2.026833770887e-005 -2.406438785560e-005 -2.862591547049e-005 -3.243977069289e-005 -3.543066378995e-005 -3.754138160735e-005 -3.873404105852e-005 -3.899090593648e-005 -3.831475113137e-005 -3.672876945084e-005 -3.427602720511e-005 -3.101848514282e-005 -2.703561087983e-005 -2.242261738944e-005 -1.728836928469e-005 -1.175300445145e-005 -5.945323140731e-006 0.000000000000e+000
 0.000000000000e+000 -4.532315222527e-006 -8.908445423515e-006 -1.297692416430e-005 -1.659558153955e-005 -1.963584504268e-005 -2.332077560324e-005 -2.775692728170e-005 -3.146661427637e-005 -3.437668771014e-005 -3.643155649729e-005 -3.759440564273e-005 -3.784799082174e-005 -3.719499373065e-005 -3.565793342423e-005 -3.327863944538e-005 -3.011730263256e-005 -2.625112876010e-005 -2.177262837166e-005 -1.678758316813e-005 -1.141273505733e-005 -5.773248479425e-006 0.000000000000e+000

