mode2:H: Re(Hz) vs position, x=5e-06(m), lambda=1.55e-06(m) 

y(microns)(161,1)
 -1.600000000000e+000
 -1.580000000000e+000
 -1.560000000000e+000
 -1.540000000000e+000
 -1.520000000000e+000
 -1.500000000000e+000
 -1.480000000000e+000
 -1.460000000000e+000
 -1.440000000000e+000
 -1.420000000000e+000
 -1.400000000000e+000
 -1.380000000000e+000
 -1.360000000000e+000
 -1.340000000000e+000
 -1.320000000000e+000
 -1.300000000000e+000
 -1.280000000000e+000
 -1.260000000000e+000
 -1.240000000000e+000
 -1.220000000000e+000
 -1.200000000000e+000
 -1.180000000000e+000
 -1.160000000000e+000
 -1.140000000000e+000
 -1.120000000000e+000
 -1.100000000000e+000
 -1.080000000000e+000
 -1.060000000000e+000
 -1.040000000000e+000
 -1.020000000000e+000
 -1.000000000000e+000
 -9.800000000000e-001
 -9.600000000000e-001
 -9.400000000000e-001
 -9.200000000000e-001
 -9.000000000000e-001
 -8.800000000000e-001
 -8.600000000000e-001
 -8.400000000000e-001
 -8.200000000000e-001
 -8.000000000000e-001
 -7.800000000000e-001
 -7.600000000000e-001
 -7.400000000000e-001
 -7.200000000000e-001
 -7.000000000000e-001
 -6.800000000000e-001
 -6.600000000000e-001
 -6.400000000000e-001
 -6.200000000000e-001
 -6.000000000000e-001
 -5.800000000000e-001
 -5.600000000000e-001
 -5.400000000000e-001
 -5.200000000000e-001
 -5.000000000000e-001
 -4.800000000000e-001
 -4.600000000000e-001
 -4.400000000000e-001
 -4.200000000000e-001
 -4.000000000000e-001
 -3.800000000000e-001
 -3.600000000000e-001
 -3.400000000000e-001
 -3.200000000000e-001
 -3.000000000000e-001
 -2.800000000000e-001
 -2.600000000000e-001
 -2.400000000000e-001
 -2.200000000000e-001
 -2.000000000000e-001
 -1.800000000000e-001
 -1.600000000000e-001
 -1.400000000000e-001
 -1.200000000000e-001
 -1.000000000000e-001
 -8.000000000000e-002
 -6.000000000000e-002
 -4.000000000000e-002
 -2.000000000000e-002
 0.000000000000e+000
 2.000000000000e-002
 4.000000000000e-002
 6.000000000000e-002
 8.000000000000e-002
 1.000000000000e-001
 1.200000000000e-001
 1.400000000000e-001
 1.600000000000e-001
 1.800000000000e-001
 2.000000000000e-001
 2.200000000000e-001
 2.400000000000e-001
 2.600000000000e-001
 2.800000000000e-001
 3.000000000000e-001
 3.200000000000e-001
 3.400000000000e-001
 3.600000000000e-001
 3.800000000000e-001
 4.000000000000e-001
 4.200000000000e-001
 4.400000000000e-001
 4.600000000000e-001
 4.800000000000e-001
 5.000000000000e-001
 5.200000000000e-001
 5.400000000000e-001
 5.600000000000e-001
 5.800000000000e-001
 6.000000000000e-001
 6.200000000000e-001
 6.400000000000e-001
 6.600000000000e-001
 6.800000000000e-001
 7.000000000000e-001
 7.200000000000e-001
 7.400000000000e-001
 7.600000000000e-001
 7.800000000000e-001
 8.000000000000e-001
 8.200000000000e-001
 8.400000000000e-001
 8.600000000000e-001
 8.800000000000e-001
 9.000000000000e-001
 9.200000000000e-001
 9.400000000000e-001
 9.600000000000e-001
 9.800000000000e-001
 1.000000000000e+000
 1.020000000000e+000
 1.040000000000e+000
 1.060000000000e+000
 1.080000000000e+000
 1.100000000000e+000
 1.120000000000e+000
 1.140000000000e+000
 1.160000000000e+000
 1.180000000000e+000
 1.200000000000e+000
 1.220000000000e+000
 1.240000000000e+000
 1.260000000000e+000
 1.280000000000e+000
 1.300000000000e+000
 1.320000000000e+000
 1.340000000000e+000
 1.360000000000e+000
 1.380000000000e+000
 1.400000000000e+000
 1.420000000000e+000
 1.440000000000e+000
 1.460000000000e+000
 1.480000000000e+000
 1.500000000000e+000
 1.520000000000e+000
 1.540000000000e+000
 1.560000000000e+000
 1.580000000000e+000
 1.600000000000e+000

z(microns)(23,1)
 -1.100000000000e-001
 -9.000000000000e-002
 -7.000000000000e-002
 -5.000000000000e-002
 -3.000000000000e-002
 -1.000000000000e-002
 1.000000000000e-002
 3.000000000000e-002
 5.000000000000e-002
 7.000000000000e-002
 9.000000000000e-002
 1.100000000000e-001
 1.300000000000e-001
 1.500000000000e-001
 1.700000000000e-001
 1.900000000000e-001
 2.100000000000e-001
 2.300000000000e-001
 2.500000000000e-001
 2.700000000000e-001
 2.900000000000e-001
 3.100000000000e-001
 3.300000000000e-001

mode2:H: Re(Hz) vs position, x=5e-06(m), lambda=1.55e-06(m) (161,23)
 0.000000000000e+000 -3.242902452232e-009 -6.399270340046e-009 -9.384826538639e-009 -1.211975869698e-008 -1.453082576894e-008 -1.655331246331e-008 -1.825084716865e-008 -1.958971321977e-008 -2.054320441336e-008 -2.109220518921e-008 -2.122561781009e-008 -2.094061928083e-008 -2.024273747415e-008 -1.914574220805e-008 -1.767135510708e-008 -1.584878751605e-008 -1.371412347969e-008 -1.130956782892e-008 -8.682581219403e-009 -5.884926638945e-009 -2.971647689360e-009 0.000000000000e+000
 0.000000000000e+000 -3.333693263982e-009 -6.578455085756e-009 -9.647669678837e-009 -1.245930182891e-008 -1.493805981021e-008 -1.701740463042e-008 -1.876272812245e-008 -2.013934262410e-008 -2.111976501773e-008 -2.168431795707e-008 -2.182157298126e-008 -2.152861761469e-008 -2.081113478849e-008 -1.968329057566e-008 -1.816743314529e-008 -1.629361467521e-008 -1.409895284744e-008 -1.162685361895e-008 -8.926119564638e-009 -6.049967388027e-009 -3.054978127899e-009 0.000000000000e+000
 0.000000000000e+000 -3.611123557635e-009 -7.125996673794e-009 -1.045086126878e-008 -1.349689184050e-008 -1.618253068932e-008 -1.843566271331e-008 -2.032706519850e-008 -2.181907752194e-008 -2.288183679297e-008 -2.349394367679e-008 -2.364295541237e-008 -2.332568437742e-008 -2.254828823681e-008 -2.132614618868e-008 -1.968352571219e-008 -1.765305345497e-008 -1.527501042201e-008 -1.259647746744e-008 -9.670359663223e-009 -6.554316795546e-009 -3.309626255616e-009 0.000000000000e+000
 0.000000000000e+000 -4.090643611947e-009 -8.072404448629e-009 -1.183919377903e-008 -1.529045740381e-008 -1.833380649663e-008 -2.088747886683e-008 -2.303154675726e-008 -2.472319137972e-008 -2.592841571706e-008 -2.662282557188e-008 -2.679221183181e-008 -2.643290559108e-008 -2.555188730121e-008 -2.416664278036e-008 -2.230477265364e-008 -2.000337167089e-008 -1.730820636016e-008 -1.427272418390e-008 -1.095692989656e-008 -7.426164790595e-009 -3.749818746414e-009 0.000000000000e+000
 0.000000000000e+000 -4.798940166410e-009 -9.470379853143e-009 -1.389004988421e-008 -1.794008944899e-008 -2.151210935398e-008 -2.451007657914e-008 -2.702776203267e-008 -2.901468248073e-008 -3.043068662379e-008 -3.124691405917e-008 -3.144651649694e-008 -3.102510090117e-008 -2.999086859507e-008 -2.836444039283e-008 -2.617837596591e-008 -2.347641251162e-008 -2.031246100055e-008 -1.674940636835e-008 -1.285776088369e-008 -8.714216373554e-009 -4.400133982924e-009 0.000000000000e+000
 0.000000000000e+000 -5.775390576476e-009 -1.139769460593e-008 -1.671764350347e-008 -2.159355169598e-008 -2.589496906405e-008 -2.950614704734e-008 -3.253968192930e-008 -3.493443642700e-008 -3.664168242108e-008 -3.762632058123e-008 -3.786780606680e-008 -3.736072263047e-008 -3.611496630293e-008 -3.415552480186e-008 -3.152186478852e-008 -2.826696355378e-008 -2.445604085230e-008 -2.016505751987e-008 -1.547905054823e-008 -1.049036735705e-008 -5.296849506186e-009 0.000000000000e+000
 0.000000000000e+000 -7.074199877717e-009 -1.396142243336e-008 -2.047925940898e-008 -2.645439564718e-008 -3.172703064983e-008 -3.615511733896e-008 -3.987618596362e-008 -4.281477174325e-008 -4.491057403041e-008 -4.612004966820e-008 -4.641763461589e-008 -4.579650831590e-008 -4.426884267196e-008 -4.186551566938e-008 -3.863530748220e-008 -3.464363443701e-008 -2.997090285675e-008 -2.471058279996e-008 -1.896710054760e-008 -1.285364052965e-008 -6.489923306474e-009 0.000000000000e+000
 0.000000000000e+000 -8.767326005069e-009 -1.730373472040e-008 -2.538380781684e-008 -3.279309937944e-008 -3.933353650052e-008 -4.482866278750e-008 -4.944833180823e-008 -5.309813680889e-008 -5.570241333531e-008 -5.720636582597e-008 -5.757771546367e-008 -5.680773938416e-008 -5.491161557359e-008 -5.192804135904e-008 -4.791815430468e-008 -4.296383927164e-008 -3.716554631345e-008 -3.063976773287e-008 -2.351632307421e-008 -1.593558044840e-008 -8.045707493946e-009 0.000000000000e+000
 0.000000000000e+000 -1.094833318107e-008 -2.160954211646e-008 -3.170311823657e-008 -4.096179874886e-008 -4.913819024282e-008 -5.601130204383e-008 -6.179232668611e-008 -6.636202069626e-008 -6.962447143560e-008 -7.150998642616e-008 -7.197735612133e-008 -7.101529300884e-008 -6.864291566231e-008 -6.490922983371e-008 -5.989165171937e-008 -5.369370062026e-008 -4.644205381816e-008 -3.828318627300e-008 -2.937982015034e-008 -1.990737153137e-008 -1.005052608843e-008 0.000000000000e+000
 0.000000000000e+000 -1.373735206287e-008 -2.711634185970e-008 -3.978651891458e-008 -5.141334680840e-008 -6.168632792437e-008 -7.032718026123e-008 -7.759947427896e-008 -8.335149766792e-008 -8.746070459380e-008 -8.983770318762e-008 -9.042941214102e-008 -8.922108422410e-008 -8.623699386194e-008 -8.153971823944e-008 -7.522808006804e-008 -6.743395151125e-008 -5.831821286634e-008 -4.806621072025e-008 -3.688305242247e-008 -2.498901944830e-008 -1.261528428906e-008 0.000000000000e+000
 0.000000000000e+000 -1.728736476845e-008 -3.412671401949e-008 -5.007938188336e-008 -6.472562841266e-008 -7.767457522885e-008 -8.857446495843e-008 -9.775475498338e-008 -1.050212676698e-007 -1.102163693893e-007 -1.132245548547e-007 -1.139769134106e-007 -1.124540125001e-007 -1.086868864632e-007 -1.027560211651e-007 -9.478844365124e-008 -8.495322528919e-008 -7.345585465857e-008 -6.053200931782e-008 -4.644124325399e-008 -3.146101375965e-008 -1.588131497542e-008 0.000000000000e+000
 0.000000000000e+000 -2.179207270513e-008 -4.302399602217e-008 -6.314645539243e-008 -8.163226952406e-008 -9.798846425735e-008 -1.117691610071e-007 -1.233861698334e-007 -1.325896099914e-007 -1.391754305815e-007 -1.429933371813e-007 -1.439531951298e-007 -1.420291897026e-007 -1.372612613827e-007 -1.297536481018e-007 -1.196707071853e-007 -1.072304976618e-007 -9.269683286995e-008 -7.637062245815e-008 -5.858129897055e-008 -3.967897238976e-008 -2.002770524807e-008 0.000000000000e+000
 0.000000000000e+000 -2.749563937689e-008 -5.429174315791e-008 -7.970094953346e-008 -1.030611107909e-007 -1.237498210068e-007 -1.412006127883e-007 -1.559275643961e-007 -1.676073725616e-007 -1.759742054618e-007 -1.808310991782e-007 -1.820592501057e-007 -1.796240855705e-007 -1.735773652090e-007 -1.640550559376e-007 -1.512712522861e-007 -1.355088949526e-007 -1.171083938367e-007 -9.645542966699e-008 -7.396916427008e-008 -5.009184383507e-008 -2.528037870201e-008 0.000000000000e+000
 0.000000000000e+000 -3.470461828039e-008 -6.853763806018e-008 -1.006404640319e-007 -1.301820471416e-007 -1.563761123789e-007 -1.785015072020e-007 -1.971983795773e-007 -2.120460205327e-007 -2.226957318997e-007 -2.288874101405e-007 -2.304631827638e-007 -2.273763577518e-007 -2.196945252105e-007 -2.075964155492e-007 -1.913629439883e-007 -1.713636206497e-007 -1.480400555740e-007 -1.218885451765e-007 -9.344365219033e-008 -6.326429570194e-008 -3.192322757334e-008 0.000000000000e+000
 0.000000000000e+000 -4.380236206760e-008 -8.652251368439e-008 -1.270909181323e-007 -1.644660398073e-007 -1.976543428813e-007 -2.257358376552e-007 -2.495046850933e-007 -2.684099314606e-007 -2.819907191602e-007 -2.899006901766e-007 -2.919282004843e-007 -2.880096354995e-007 -2.782340207179e-007 -2.628383189296e-007 -2.421940927401e-007 -2.167873825704e-007 -1.871945049742e-007 -1.540568782145e-007 -1.180578561454e-007 -7.990392241559e-008 -4.031157497995e-008 0.000000000000e+000
 0.000000000000e+000 -5.526613080673e-008 -1.091950466482e-007 -1.604595947408e-007 -2.077572277204e-007 -2.498324849034e-007 -2.855090323360e-007 -3.157669852868e-007 -3.398796352861e-007 -3.572327654239e-007 -3.673609265683e-007 -3.699776752709e-007 -3.649955452628e-007 -3.525329448300e-007 -3.329070414811e-007 -3.066137081122e-007 -2.742974289154e-007 -2.367154035363e-007 -1.947007126377e-007 -1.491292095357e-007 -1.008938036364e-007 -5.088817523492e-008 0.000000000000e+000
 0.000000000000e+000 -6.968692347286e-008 -1.377323724966e-007 -2.024981371809e-007 -2.623600003867e-007 -3.157317427987e-007 -3.611052803402e-007 -3.996816978124e-007 -4.304946761046e-007 -4.527179767090e-007 -4.657198595921e-007 -4.691086718746e-007 -4.627630109911e-007 -4.468420980172e-007 -4.217749175441e-007 -3.882298169847e-007 -3.470691066065e-007 -2.992952970395e-007 -2.459965987938e-007 -1.882989988581e-007 -1.273306565406e-007 -6.420177778623e-008 0.000000000000e+000
 0.000000000000e+000 -8.779166216369e-008 -1.735862155414e-007 -2.553756500772e-007 -3.311424692399e-007 -3.988830703538e-007 -4.566579694066e-007 -5.059249599361e-007 -5.453873847059e-007 -5.739224522397e-007 -5.906635214718e-007 -5.950692942636e-007 -5.869696342134e-007 -5.665812378094e-007 -5.344909402628e-007 -4.916093192778e-007 -4.391016976654e-007 -3.783069310860e-007 -3.106559392565e-007 -2.376014803085e-007 -1.605682009809e-007 -8.092790612534e-008 0.000000000000e+000
 0.000000000000e+000 -1.104666176213e-007 -2.185328596021e-007 -3.217606475991e-007 -4.176566943081e-007 -5.036910688835e-007 -5.773599985513e-007 -6.404095912985e-007 -6.910823347881e-007 -7.278356788522e-007 -7.494673068631e-007 -7.552207306786e-007 -7.448552090561e-007 -7.186695046581e-007 -6.774760848866e-007 -6.225299383611e-007 -5.554230788568e-007 -4.779609663885e-007 -3.920396006589e-007 -2.995414016987e-007 -2.022641512464e-007 -1.018908022192e-007 0.000000000000e+000
 0.000000000000e+000 -1.387796426662e-007 -2.747229922920e-007 -4.049079503992e-007 -5.262737968408e-007 -6.356273264433e-007 -7.297213935476e-007 -8.106087340066e-007 -8.758809511371e-007 -9.233942454895e-007 -9.514612152741e-007 -9.590126963414e-007 -9.457048125276e-007 -9.119550791343e-007 -8.589023872192e-007 -7.882973662189e-007 -7.023403158426e-007 -6.034920008413e-007 -4.942867141392e-007 -3.771761949566e-007 -2.544270647179e-007 -1.280842331867e-007 0.000000000000e+000
 0.000000000000e+000 -1.739964882744e-007 -3.447234419763e-007 -5.087419140570e-007 -6.623279075838e-007 -8.014528151495e-007 -9.218818651444e-007 -1.025963021034e-006 -1.110357146677e-006 -1.172049261816e-006 -1.208643547765e-006 -1.218612151673e-006 -1.201459427341e-006 -1.157776873814e-006 -1.089180946034e-006 -9.981437785482e-007 -8.877433451437e-007 -7.613723265373e-007 -6.224517452744e-007 -4.741945692098e-007 -3.194554533053e-007 -1.606866826094e-007 0.000000000000e+000
 0.000000000000e+000 -2.175825754084e-007 -4.315359595281e-007 -6.379192013080e-007 -8.322554398907e-007 -1.009464152870e-006 -1.163985251505e-006 -1.298392251664e-006 -1.407998737847e-006 -1.488513662624e-006 -1.536496678295e-006 -1.549741324874e-006 -1.527527185307e-006 -1.470703486840e-006 -1.381592431357e-006 -1.263727587648e-006 -1.121467902647e-006 -9.595479738828e-007 -7.826366175371e-007 -5.949753749824e-007 -4.001550203757e-007 -2.010627518086e-007 0.000000000000e+000
 0.000000000000e+000 -2.711750364335e-007 -5.385666155921e-007 -7.978404264773e-007 -1.043703282353e-006 -1.269749755406e-006 -1.468620436343e-006 -1.642937714375e-006 -1.786041863373e-006 -1.891754052252e-006 -1.955080843924e-006 -1.972804608586e-006 -1.943870303913e-006 -1.869512502205e-006 -1.753105385167e-006 -1.599758714228e-006 -1.415720984723e-006 -1.207682679989e-006 -9.820920433777e-007 -7.445972515145e-007 -4.997088605072e-007 -2.507363878051e-007 0.000000000000e+000
 0.000000000000e+000 -3.364988921918e-007 -6.695000246963e-007 -9.945567128459e-007 -1.305557670265e-006 -1.594426579830e-006 -1.851328173956e-006 -2.078567872370e-006 -2.266563484396e-006 -2.406318714291e-006 -2.490514652419e-006 -2.514418462927e-006 -2.476475003438e-006 -2.378499186524e-006 -2.225444164580e-006 -2.024778946153e-006 -1.785566027438e-006 -1.517379818117e-006 -1.229240801631e-006 -9.287471724980e-007 -6.215570601793e-007 -3.113112178771e-007 0.000000000000e+000
 0.000000000000e+000 -4.151830385020e-007 -8.280004232136e-007 -1.234478443384e-006 -1.627809024858e-006 -1.997802188088e-006 -2.331163510149e-006 -2.629188819063e-006 -2.877923083709e-006 -3.064133192808e-006 -3.176999362615e-006 -3.209509458824e-006 -3.159359204758e-006 -3.029241807655e-006 -2.826492275566e-006 -2.562133416820e-006 -2.249453555833e-006 -1.902325777176e-006 -1.533539888967e-006 -1.153438771984e-006 -7.691116322492e-007 -3.842961568140e-007 0.000000000000e+000
 0.000000000000e+000 -5.084015429650e-007 -1.017108259427e-006 -1.523729252520e-006 -2.021107662888e-006 -2.496363747868e-006 -2.931286618538e-006 -3.324913117051e-006 -3.656683463653e-006 -3.906954062503e-006 -4.059615641969e-006 -4.104221026018e-006 -4.037343205936e-006 -3.863007511688e-006 -3.592152108376e-006 -3.241177578822e-006 -2.829763081894e-006 -2.378253973460e-006 -1.905039120400e-006 -1.424389750365e-006 -9.451823328557e-007 -4.707662112148e-007 0.000000000000e+000
 0.000000000000e+000 -6.162157429774e-007 -1.238112501340e-006 -1.866882009256e-006 -2.495765780341e-006 -3.108425104738e-006 -3.679527415495e-006 -4.203659302066e-006 -4.650199626625e-006 -4.989760291830e-006 -5.198227715705e-006 -5.259980895715e-006 -5.169913033352e-006 -4.934067774586e-006 -4.568835465664e-006 -4.098775971707e-006 -3.553288808462e-006 -2.962555710093e-006 -2.353395875514e-006 -1.745806066686e-006 -1.150905859393e-006 -5.707419114041e-007 0.000000000000e+000
 0.000000000000e+000 -7.364097501334e-007 -1.488532145210e-006 -2.264637418301e-006 -3.059797372940e-006 -3.853149126203e-006 -4.608827183599e-006 -5.313185854891e-006 -5.920156976684e-006 -6.385495483555e-006 -6.672986677252e-006 -6.759244847257e-006 -6.636661063813e-006 -6.314321274559e-006 -5.816842481223e-006 -5.181168704960e-006 -4.451548620834e-006 -3.673244971049e-006 -2.885944527507e-006 -2.118153052971e-006 -1.383834178890e-006 -6.820944231962e-007 0.000000000000e+000
 0.000000000000e+000 -8.624747313349e-007 -1.758596675026e-006 -2.709712974806e-006 -3.715317539589e-006 -4.748479808272e-006 -5.757400227665e-006 -6.713721879713e-006 -7.547487969155e-006 -8.191776776922e-006 -8.592154140452e-006 -8.713669631002e-006 -8.545016808067e-006 -8.099818852690e-006 -7.415020543607e-006 -6.546318729315e-006 -5.560714331361e-006 -4.526790591865e-006 -3.504153151079e-006 -2.534216695457e-006 -1.634612753466e-006 -7.986583339283e-007 0.000000000000e+000
 0.000000000000e+000 -9.801709895685e-007 -2.025210002072e-006 -3.179719927070e-006 -4.452173180803e-006 -5.807226789495e-006 -7.168381982086e-006 -8.481473408066e-006 -9.639340100448e-006 -1.054049239923e-005 -1.110329682319e-005 -1.127580431474e-005 -1.104131326322e-005 -1.042008855928e-005 -9.467318620227e-006 -8.266930810384e-006 -6.920841682959e-006 -5.534014197421e-006 -4.197358349579e-006 -2.972299178525e-006 -1.881309995466e-006 -9.070306861750e-007 0.000000000000e+000
 0.000000000000e+000 -1.061727303520e-006 -2.241709807164e-006 -3.624978763617e-006 -5.236918333326e-006 -7.030077734803e-006 -8.888656142199e-006 -1.071352961442e-005 -1.233918128688e-005 -1.361167014727e-005 -1.440936028117e-005 -1.465584786352e-005 -1.432670842273e-005 -1.345163002219e-005 -1.211224046120e-005 -1.043450584034e-005 -8.573915146973e-006 -6.692735464670e-006 -4.931926059269e-006 -3.384627531006e-006 -2.079855639048e-006 -9.812082233125e-007 0.000000000000e+000
 0.000000000000e+000 -1.056146850575e-006 -2.320625997318e-006 -3.947812403454e-006 -5.993933813806e-006 -8.393556089409e-006 -1.096655374154e-005 -1.353522765438e-005 -1.584184695140e-005 -1.765368004021e-005 -1.879172895336e-005 -1.914560354326e-005 -1.868013322436e-005 -1.743768391780e-005 -1.553689890155e-005 -1.316518885507e-005 -1.056002628513e-005 -7.974981613717e-006 -5.632711030803e-006 -3.677771081447e-006 -2.148070437295e-006 -9.737035371539e-007 0.000000000000e+000
 0.000000000000e+000 -8.731889756868e-007 -2.104850740583e-006 -3.967418468130e-006 -6.573126146282e-006 -9.829668040645e-006 -1.344841588894e-005 -1.711222802856e-005 -2.041660384358e-005 -2.301280554164e-005 -2.464307590391e-005 -2.515240390503e-005 -2.449127422228e-005 -2.271753367396e-005 -1.999867454334e-005 -1.660908724109e-005 -1.291084562479e-005 -9.305076158463e-006 -6.151431355832e-006 -3.679699832281e-006 -1.939230990705e-006 -8.010189730574e-007 0.000000000000e+000
 0.000000000000e+000 -3.573508274832e-007 -1.319861122108e-006 -3.360166650266e-006 -6.694137673934e-006 -1.119167441413e-005 -1.637529805255e-005 -2.167226468801e-005 -2.644355213266e-005 -3.017648985672e-005 -3.251340263835e-005 -3.324626019025e-005 -3.230753158622e-005 -2.977036925927e-005 -2.585996555129e-005 -2.096690455857e-005 -1.563968694351e-005 -1.052213952969e-005 -6.212407478106e-006 -3.084460693845e-006 -1.198803739306e-006 -3.203319174057e-007 0.000000000000e+000
 0.000000000000e+000 7.531731023584e-007 5.042395874624e-007 -1.557733308483e-006 -5.847783653783e-006 -1.219561370284e-005 -1.978558235795e-005 -2.754775632760e-005 -3.447250011439e-005 -3.983588396208e-005 -4.317263070087e-005 -4.422325535968e-005 -4.289956646396e-005 -3.928133131817e-005 -3.364629688524e-005 -2.652294971269e-005 -1.872879601146e-005 -1.131483297763e-005 -5.317989487425e-006 -1.359334947392e-006 5.051221087890e-007 7.068215791464e-007 0.000000000000e+000
 0.000000000000e+000 2.887878589825e-006 4.156158563247e-006 2.427121484327e-006 -3.115044095417e-006 -1.231485897612e-005 -2.374468337036e-005 -3.526456728364e-005 -4.531904712288e-005 -5.297360549018e-005 -5.769126813059e-005 -5.918613799703e-005 -5.734948393369e-005 -5.224057409581e-005 -4.414707173416e-005 -3.371634475741e-005 -2.212022497871e-005 -1.110273947776e-005 -2.579179522539e-006 2.410451704830e-006 3.890213088580e-006 2.668253958048e-006 0.000000000000e+000
 0.000000000000e+000 6.726824255343e-006 1.092720849058e-005 1.029624189348e-005 3.184045151060e-006 -1.056503441392e-005 -2.847902365619e-005 -4.573188573470e-005 -6.021702211449e-005 -7.097867494902e-005 -7.753507053672e-005 -7.963739247746e-005 -7.716157415859e-005 -7.008814863589e-005 -5.859386884620e-005 -4.330381604825e-005 -2.573911992556e-005 -8.801323964596e-006 3.599569290569e-006 9.777949338702e-006 1.011879085198e-005 6.173217074537e-006 0.000000000000e+000
 0.000000000000e+000 1.328936812908e-005 2.284987755875e-005 2.494836759741e-005 1.621333920237e-005 -4.959953958271e-006 -3.491231782224e-005 -6.063348096678e-005 -8.103289581151e-005 -9.577559054448e-005 -1.046584621715e-004 -1.075689151428e-004 -1.043831762976e-004 -9.491071397321e-005 -7.897170354080e-005 -5.674399857696e-005 -2.966909392374e-005 -2.283741611461e-006 1.613200600462e-005 2.333931133573e-005 2.100253060413e-005 1.213078647469e-005 0.000000000000e+000
 0.000000000000e+000 2.397027214329e-005 4.290427884043e-005 5.116522973100e-005 4.215609886588e-005 9.278823854295e-006 -4.684908037079e-005 -8.306641615944e-005 -1.104584721631e-004 -1.299225617508e-004 -1.415682125729e-004 -1.455166318090e-004 -1.416954101224e-004 -1.296585422860e-004 -1.085161018052e-004 -7.709923281418e-005 -3.499071002136e-005 1.312022184076e-005 4.046076393385e-005 4.729528532394e-005 3.918660324519e-005 2.178946560934e-005 0.000000000000e+000
 0.000000000000e+000 4.038999235318e-005 7.488922825398e-005 9.615178823810e-005 9.320256640602e-005 4.704018483646e-005 -8.040367648192e-005 -1.173517187686e-004 -1.518373176994e-004 -1.766225804609e-004 -1.913341914864e-004 -1.965368737286e-004 -1.923869223249e-004 -1.782369306443e-004 -1.522894479251e-004 -1.109557537335e-004 -4.758985876396e-005 4.977269923554e-005 8.677000461507e-005 8.791798692033e-005 6.808716081492e-005 3.663451951686e-005 0.000000000000e+000
 0.000000000000e+000 6.388426948431e-005 1.223058008560e-004 1.681682655647e-004 1.901938911997e-004 1.674617399065e-004 5.490477898183e-005 -7.065247926348e-006 -4.317454338092e-005 -6.440855712127e-005 -7.608467235977e-005 -8.074314907580e-005 -7.920047672391e-005 -7.081184520552e-005 -5.317370578852e-005 -2.098055419552e-005 3.720894121907e-005 1.486032815590e-004 1.720906213390e-004 1.527233844106e-004 1.110907505598e-004 5.799647855450e-005 0.000000000000e+000
 0.000000000000e+000 9.471368488881e-005 1.858661316738e-004 2.689504680586e-004 3.375174336297e-004 3.826162910393e-004 3.960593954459e-004 3.692765772582e-004 3.698439717147e-004 3.771466576628e-004 3.827852881550e-004 3.830347378187e-004 3.766383187995e-004 3.641758798829e-004 3.480462252338e-004 3.328754971777e-004 3.264103209507e-004 3.407552791562e-004 3.065371024437e-004 2.453596900080e-004 1.696043225768e-004 8.637413875385e-005 0.000000000000e+000
 0.000000000000e+000 1.318803256666e-004 2.629421702052e-004 3.921327784417e-004 5.182014677786e-004 6.406407962317e-004 7.630153804788e-004 8.501960205822e-004 9.214511903358e-004 9.751749152746e-004 1.007482755630e-003 1.015647668714e-003 9.986211146268e-004 9.570285387430e-004 8.930317931431e-004 8.099312207833e-004 7.108217433994e-004 5.938881374419e-004 4.791135753372e-004 3.615152931763e-004 2.417733935196e-004 1.210433807995e-004 0.000000000000e+000
 0.000000000000e+000 1.737307612867e-004 3.495960833980e-004 5.299301261914e-004 7.177029602786e-004 9.175067456197e-004 1.137376197356e-003 1.316076695561e-003 1.457030493445e-003 1.559103072785e-003 1.619630510359e-003 1.636462059673e-003 1.608800034238e-003 1.537430275794e-003 1.424596865261e-003 1.273498059445e-003 1.087169080329e-003 8.665042866296e-004 6.719735173172e-004 4.929887727511e-004 3.237412290922e-004 1.604370265520e-004 0.000000000000e+000
 0.000000000000e+000 2.185385547654e-004 4.420276756569e-004 6.758205383209e-004 9.262088385336e-004 1.201198463658e-003 1.511482591838e-003 1.771772403391e-003 1.978425793791e-003 2.127793655457e-003 2.216487020375e-003 2.242169885408e-003 2.204094001092e-003 2.103302274135e-003 1.942543347896e-003 1.725914122854e-003 1.458257404877e-003 1.144563363799e-003 8.737753421599e-004 6.326904372685e-004 4.115634285194e-004 2.028101063120e-004 0.000000000000e+000
 0.000000000000e+000 2.648009837171e-004 5.371110267318e-004 8.249233074460e-004 1.137259880240e-003 1.484801906268e-003 1.880534928811e-003 2.216576373827e-003 2.485052123632e-003 2.679664240611e-003 2.795629313265e-003 2.829976370530e-003 2.781830448794e-003 2.652538956471e-003 2.445612472976e-003 2.166499684601e-003 1.822273145862e-003 1.421426340765e-003 1.077715974526e-003 7.754905680958e-004 5.020100431954e-004 2.466307304033e-004 0.000000000000e+000
 0.000000000000e+000 3.113154721642e-004 6.324344626052e-004 9.736796696872e-004 1.346437705267e-003 1.763732785064e-003 2.240789540096e-003 2.648218068202e-003 2.975036196760e-003 3.212588184446e-003 3.354572474365e-003 3.397207763624e-003 3.339397876163e-003 3.182804850362e-003 2.931798410096e-003 2.593294824330e-003 2.176541750912e-003 1.692952176697e-003 1.279445529956e-003 9.178060700571e-004 5.926495827182e-004 2.906904336494e-004 0.000000000000e+000
 0.000000000000e+000 3.571508659962e-004 7.261678629509e-004 1.119461026352e-003 1.550541568241e-003 2.034595676941e-003 2.589062560111e-003 3.064021749765e-003 3.445935243860e-003 3.724076987921e-003 3.890690713523e-003 3.941157628604e-003 3.874127179913e-003 3.691566033109e-003 3.398705051074e-003 3.003891350327e-003 2.518376950562e-003 1.956089266564e-003 1.475933164452e-003 1.057085081600e-003 6.816889866172e-004 3.340746968040e-004 0.000000000000e+000
 0.000000000000e+000 4.015879536451e-004 8.169085338252e-004 1.260265569984e-003 1.747117078149e-003 2.294678271565e-003 2.922549311362e-003 3.461279095719e-003 3.895104675620e-003 4.211462489571e-003 4.401256351505e-003 4.459067434698e-003 4.383291015916e-003 4.176179783584e-003 3.843783174545e-003 3.395786500370e-003 2.845265850357e-003 2.208378138681e-003 1.664898403731e-003 1.191434161793e-003 7.677885419004e-004 3.760936418262e-004 0.000000000000e+000
 0.000000000000e+000 4.440626573404e-004 9.035557268955e-004 1.394513082938e-003 1.934189597726e-003 2.541706323445e-003 3.238737729304e-003 3.837380455871e-003 4.319881704620e-003 4.672029985869e-003 4.883510496169e-003 4.948164984284e-003 4.864149693039e-003 4.633981953686e-003 4.264470329522e-003 3.766530683990e-003 3.154896895793e-003 2.447736252577e-003 1.844520002737e-003 1.319382595389e-003 8.499169545243e-004 4.162168484109e-004 0.000000000000e+000
 0.000000000000e+000 4.841220932010e-004 9.852211760810e-004 1.520913572676e-003 2.110111556936e-003 2.773715206337e-003 3.535359618619e-003 4.189865447976e-003 4.717681103236e-003 5.103109373567e-003 5.334732638502e-003 5.405719564679e-003 5.314007916473e-003 5.062357842839e-003 4.658272996758e-003 4.113791521405e-003 3.445153081347e-003 2.672349826174e-003 2.013280341858e-003 1.439739905954e-003 9.272523146774e-004 4.540244779626e-004 0.000000000000e+000
 0.000000000000e+000 5.213937958684e-004 1.061169407394e-003 1.638385314098e-003 2.273473642626e-003 2.988978844393e-003 3.810361879022e-003 4.516445223599e-003 5.086049388184e-003 5.502137925298e-003 5.752299531777e-003 5.829095779473e-003 5.730267774323e-003 5.458796838597e-003 5.022817444873e-003 4.435384554262e-003 3.714101202881e-003 2.880614799326e-003 2.169879141452e-003 1.551511049357e-003 9.991186403297e-004 4.891742065547e-004 0.000000000000e+000
 0.000000000000e+000 5.555653450946e-004 1.130779425230e-003 1.746004481934e-003 2.423052667254e-003 3.185969383910e-003 4.061890003135e-003 4.815014714936e-003 5.422698785905e-003 5.866704899685e-003 6.133732360838e-003 6.215799895774e-003 6.110473538938e-003 5.820934271835e-003 5.355883789959e-003 4.729290822688e-003 3.959984375397e-003 3.071103742509e-003 2.313184622347e-003 1.653846325997e-003 1.064946647249e-003 5.213800842139e-004 0.000000000000e+000
 0.000000000000e+000 5.863713640475e-004 1.193520765762e-003 1.842974606713e-003 2.557781022066e-003 3.363334400598e-003 4.288279524607e-003 5.083661446965e-003 5.725530815605e-003 6.194584446796e-003 6.476733864787e-003 6.563517743279e-003 6.452348051510e-003 6.146583811572e-003 5.655430705211e-003 4.993669245196e-003 4.181218638399e-003 3.242547643892e-003 2.442205832576e-003 1.746012080448e-003 1.124250084378e-003 5.503994986813e-004 0.000000000000e+000
 0.000000000000e+000 6.135854514775e-004 1.248938868088e-003 1.928608364487e-003 2.676729062536e-003 3.519884487566e-003 4.488052604792e-003 5.320673187113e-003 5.992654079536e-003 6.483760715675e-003 6.779217501941e-003 6.870145075725e-003 6.753821840132e-003 6.433762915063e-003 5.919614525133e-003 5.226866795419e-003 4.376392816246e-003 3.393826553088e-003 2.556077298655e-003 1.827373857924e-003 1.176611779561e-003 5.760253607300e-004 0.000000000000e+000
 0.000000000000e+000 6.370153044679e-004 1.296646354791e-003 2.002316989402e-003 2.779095302973e-003 3.654587064083e-003 4.659917817977e-003 5.524545076212e-003 6.222398435959e-003 6.732447509397e-003 7.039330455773e-003 7.133811728850e-003 7.013056335403e-003 6.680713084144e-003 6.146804630175e-003 5.427427493933e-003 4.544270538804e-003 3.523965516532e-003 2.654050944392e-003 1.897387019693e-003 1.221675636745e-003 5.980815511686e-004 0.000000000000e+000
 0.000000000000e+000 6.564998537651e-004 1.336317992126e-003 2.063604348819e-003 2.864201300766e-003 3.766563861359e-003 4.802771773729e-003 5.693986284761e-003 6.413326598516e-003 6.939103902984e-003 7.255471842840e-003 7.352900789399e-003 7.228462354965e-003 6.885916102567e-003 6.335596072582e-003 5.594100466020e-003 4.683793462926e-003 3.632133587634e-003 2.735492269591e-003 1.955591790243e-003 1.259142225026e-003 6.164203604164e-004 0.000000000000e+000
 0.000000000000e+000 6.719076381962e-004 1.367687892071e-003 2.112063813115e-003 2.931489287956e-003 3.855090476596e-003 4.915701619938e-003 5.827926042879e-003 6.564243664131e-003 7.102446683917e-003 7.426307088495e-003 7.526063722582e-003 7.398714746495e-003 7.048107027234e-003 6.484819940201e-003 5.725847040154e-003 4.794084952433e-003 3.717644495787e-003 2.799878949429e-003 2.001610882343e-003 1.288766490140e-003 6.309211174458e-004 0.000000000000e+000
 0.000000000000e+000 6.831359173166e-004 1.390548034094e-003 2.147376734400e-003 2.980521319972e-003 3.919596955767e-003 4.997987757448e-003 5.925518853290e-003 6.674204807771e-003 7.221460139568e-003 7.550779130268e-003 7.652232143262e-003 7.522763823156e-003 7.166284435846e-003 6.593551718722e-003 5.821846781810e-003 4.874453675089e-003 3.779958057225e-003 2.846800708220e-003 2.035148552629e-003 1.310356673988e-003 6.414895045230e-004 0.000000000000e+000
 0.000000000000e+000 6.901101998078e-004 1.404747515501e-003 2.169311776521e-003 3.010979152572e-003 3.959668724360e-003 5.049106300938e-003 5.986148714076e-003 6.742521252916e-003 7.295403511826e-003 7.628116889029e-003 7.730626705699e-003 7.599844027069e-003 7.239718255380e-003 6.661117790808e-003 5.881502351280e-003 4.924396734827e-003 3.818681730155e-003 2.875959743987e-003 2.055990371263e-003 1.323773871518e-003 6.480572427368e-004 0.000000000000e+000
 0.000000000000e+000 6.927839802490e-004 1.410192150676e-003 2.177724609391e-003 3.022664336539e-003 3.975047417048e-003 5.068730964674e-003 6.009432211541e-003 6.768764563875e-003 7.323816315022e-003 7.657841297368e-003 7.760763432943e-003 7.629480114030e-003 7.267955380591e-003 6.687100147363e-003 5.904443092853e-003 4.943602076641e-003 3.833571924308e-003 2.887171243714e-003 2.064003255074e-003 1.328931867434e-003 6.505819510221e-004 0.000000000000e+000
 0.000000000000e+000 6.911385508530e-004 1.406844174840e-003 2.172557653450e-003 3.015498198252e-003 3.965631309497e-003 5.056734153430e-003 5.995220378214e-003 6.752769277446e-003 7.306521638622e-003 7.639769075087e-003 7.742457701046e-003 7.611491055747e-003 7.250823218974e-003 6.671339354242e-003 5.890527286805e-003 4.931949987641e-003 3.824534811562e-003 2.880363695845e-003 2.059135479755e-003 1.325797027997e-003 6.490470548843e-004 0.000000000000e+000
 0.000000000000e+000 6.851828023586e-004 1.394721894993e-003 2.153839671324e-003 2.989521490479e-003 3.931475157071e-003 5.013187110876e-003 5.943599241747e-003 6.694633880701e-003 7.243627512683e-003 7.574014378373e-003 7.675826023676e-003 7.545991792778e-003 7.188431254033e-003 6.613935802801e-003 5.839843018450e-003 4.889513579071e-003 3.791626474873e-003 2.855578813579e-003 2.041416491600e-003 1.314388106679e-003 6.434616671458e-004 0.000000000000e+000
 0.000000000000e+000 6.749529590897e-004 1.373899187105e-003 2.121685076321e-003 2.944893574345e-003 3.872789313969e-003 4.938359029195e-003 5.854889016344e-003 6.594720140520e-003 7.135526390217e-003 7.460988410868e-003 7.561285739277e-003 7.433392932328e-003 7.081170692970e-003 6.515249267523e-003 5.752707638083e-003 4.816558177810e-003 3.735052293505e-003 2.812970952128e-003 2.010956406507e-003 1.294775875393e-003 6.338603922052e-004 0.000000000000e+000
 0.000000000000e+000 6.605122133411e-004 1.344504775676e-003 2.076292875328e-003 2.881891044844e-003 3.789938053633e-003 4.832715061038e-003 5.729641909869e-003 6.453650794535e-003 6.982892789529e-003 7.301397063407e-003 7.399552677585e-003 7.274398462650e-003 6.929712251590e-003 6.375896794461e-003 5.629665802272e-003 4.713539587339e-003 3.655165503855e-003 2.752805948960e-003 1.967945127464e-003 1.267082527087e-003 6.203030239673e-004 0.000000000000e+000
 0.000000000000e+000 6.419502375867e-004 1.306721256373e-003 2.017945195827e-003 2.800905747279e-003 3.683437044578e-003 4.696913202607e-003 5.568638537804e-003 6.272305620049e-003 6.786679136313e-003 7.096236639023e-003 7.191636869414e-003 7.070001544677e-003 6.735002124056e-003 6.196748948083e-003 5.471486101006e-003 4.581101201313e-003 3.552464903867e-003 2.675459346933e-003 1.912651040514e-003 1.231480817665e-003 6.028741197019e-004 0.000000000000e+000
 0.000000000000e+000 6.193825619936e-004 1.260783839153e-003 1.947005368831e-003 2.702442156575e-003 3.553949959770e-003 4.531800037762e-003 5.372882950612e-003 6.051815905879e-003 6.548109847245e-003 6.846787717031e-003 6.938836358875e-003 6.821478437871e-003 6.498256185315e-003 5.978924449985e-003 5.279156287412e-003 4.420069970476e-003 3.427591689480e-003 2.581413981474e-003 1.845419268538e-003 1.188192930021e-003 5.816824400953e-004 0.000000000000e+000
 0.000000000000e+000 5.929498109016e-004 1.206978800823e-003 1.863915555001e-003 2.587114108920e-003 3.402284215529e-003 4.338405349627e-003 5.143596294351e-003 5.793557361171e-003 6.268673701817e-003 6.554607212025e-003 6.642729177904e-003 6.530380618572e-003 6.220952477616e-003 5.723783250056e-003 5.053877137586e-003 4.231451237431e-003 3.281325426655e-003 2.471256928000e-003 1.766669475591e-003 1.137489052996e-003 5.568602511619e-004 0.000000000000e+000
 0.000000000000e+000 5.628167962907e-004 1.145641644212e-003 1.769193912357e-003 2.455640888253e-003 3.229385849631e-003 4.117935619641e-003 4.882209136231e-003 5.499141504656e-003 5.950114556045e-003 6.221518688622e-003 6.305163547094e-003 6.198525153544e-003 5.904822038319e-003 5.432918078359e-003 4.797054977883e-003 4.016422465101e-003 3.114579174048e-003 2.345675816797e-003 1.676893224058e-003 1.079685675149e-003 5.285624874407e-004 0.000000000000e+000
 0.000000000000e+000 5.291714694275e-004 1.077154967167e-003 1.663431312384e-003 2.308842680009e-003 3.036333559139e-003 3.871766445254e-003 4.590352497438e-003 5.170405587191e-003 5.594420459723e-003 5.849600999650e-003 5.928246373085e-003 5.827983397758e-003 5.551838133197e-003 5.108144534139e-003 4.510292926075e-003 3.776325894224e-003 2.928393780587e-003 2.205454531020e-003 1.576650893977e-003 1.015143598364e-003 4.969657786013e-004 0.000000000000e+000
 0.000000000000e+000 4.922237342640e-004 1.001946049144e-003 1.547287617721e-003 2.147635412468e-003 2.824331927447e-003 3.601433917156e-003 4.269847645226e-003 4.809401109597e-003 5.203811247312e-003 5.441175323312e-003 5.514330120262e-003 5.421068092938e-003 5.164203967203e-003 4.751489776422e-003 4.195380901174e-003 3.512660173558e-003 2.723931389817e-003 2.051468310132e-003 1.466568179328e-003 9.442656801569e-004 4.622673436024e-004 0.000000000000e+000
 0.000000000000e+000 4.522041280101e-004 9.204841667887e-004 1.421487539774e-003 1.973025012454e-003 2.594703877540e-003 3.308625005405e-003 3.922694705137e-003 4.418381006685e-003 4.780724681211e-003 4.998790683153e-003 5.065998142568e-003 4.980318951349e-003 4.744338952630e-003 4.365179888737e-003 3.854284464609e-003 3.227071013885e-003 2.502468189346e-003 1.884678286588e-003 1.347332180407e-003 8.674943166274e-004 4.246837580976e-004 0.000000000000e+000
 0.000000000000e+000 4.093623757843e-004 8.332776527419e-004 1.286816098818e-003 1.786101107559e-003 2.348882394963e-003 2.995167011379e-003 3.551060162412e-003 3.999785576788e-003 4.327801234600e-003 4.525208043088e-003 4.586048569523e-003 4.508486817461e-003 4.294863622639e-003 3.951625998228e-003 3.489132562797e-003 2.921340923556e-003 2.265386449371e-003 1.706125488211e-003 1.219687115024e-003 7.853086804005e-004 3.844496020465e-004 0.000000000000e+000
 0.000000000000e+000 3.639658274650e-004 7.408707143853e-004 1.144113712668e-003 1.588030211671e-003 2.088401569676e-003 2.663016149198e-003 3.157263329118e-003 3.556227244056e-003 3.847867609219e-003 4.023383077885e-003 4.077476848682e-003 4.008516508137e-003 3.818583285831e-003 3.513409236835e-003 3.102204248004e-003 2.597378089416e-003 2.014165899262e-003 1.516924342733e-003 1.084429674285e-003 6.982217300071e-004 3.418159955190e-004 0.000000000000e+000
 0.000000000000e+000 3.162977858897e-004 6.438400312211e-004 9.942709430550e-004 1.380048434625e-003 1.814887010996e-003 2.314245326408e-003 2.743761860392e-003 3.090474248153e-003 3.343919091117e-003 3.496447727395e-003 3.543457054560e-003 3.483528439632e-003 3.318470524985e-003 3.053264639171e-003 2.695914460741e-003 2.257204472466e-003 1.750374495700e-003 1.318255724506e-003 9.424040513823e-004 6.067770088899e-004 2.970490315639e-004 0.000000000000e+000
 0.000000000000e+000 2.666557364236e-004 5.427911513531e-004 8.382229314493e-004 1.163453760285e-003 1.530045694239e-003 1.951031199069e-003 2.313136409424e-003 2.605433362788e-003 2.819100854565e-003 2.947690650074e-003 2.987322081383e-003 2.936799156876e-003 2.797646649930e-003 2.574064078184e-003 2.272798962758e-003 1.902943192622e-003 1.475658639805e-003 1.111359586488e-003 7.944966740870e-004 5.115452537357e-004 2.504281157682e-004 0.000000000000e+000
 0.000000000000e+000 2.153494886594e-004 4.383547090210e-004 6.769435583333e-004 9.395979404137e-004 1.235655301606e-003 1.575640581308e-003 1.868074516364e-003 2.104131750633e-003 2.276688330818e-003 2.380536698068e-003 2.412542843765e-003 2.371740887135e-003 2.259362220856e-003 2.078798345524e-003 1.835498514935e-003 1.536805281400e-003 1.191732904288e-003 8.975272233602e-004 6.416306736410e-004 4.131208331491e-004 2.022442227788e-004 0.000000000000e+000
 0.000000000000e+000 1.626992416494e-004 3.311824864222e-004 5.114393618701e-004 7.098780543560e-004 9.335531232245e-004 1.190416293587e-003 1.411353831305e-003 1.589698067641e-003 1.720066764218e-003 1.798525542121e-003 1.822706615405e-003 1.791880246014e-003 1.706976764002e-003 1.570558488785e-003 1.386742399060e-003 1.161075885326e-003 9.003693347414e-004 6.780932140000e-004 4.847601244998e-004 3.121180388195e-004 1.527980806250e-004 0.000000000000e+000
 0.000000000000e+000 1.090335846091e-004 2.219433441399e-004 3.427432535690e-004 4.757277867840e-004 6.256245872003e-004 7.977625376037e-004 9.458247757106e-004 1.065342934506e-003 1.152710083182e-003 1.205289579801e-003 1.221494641202e-003 1.200836228981e-003 1.143937806586e-003 1.052516522354e-003 9.293313865234e-004 7.781000063039e-004 6.033863919126e-004 4.544270936161e-004 3.248640908419e-004 2.091672522948e-004 1.023982941501e-004 0.000000000000e+000
 0.000000000000e+000 5.468744546777e-005 1.113190453885e-004 1.719080699125e-004 2.386084776535e-004 3.137914899448e-004 4.001298888137e-004 4.743927502649e-004 5.343388969786e-004 5.781592178987e-004 6.045312649666e-004 6.126591626543e-004 6.022976259497e-004 5.737593620455e-004 5.279056324441e-004 4.661202603803e-004 3.902678680477e-004 3.026376040184e-004 2.279248075319e-004 1.629405170053e-004 1.049110112775e-004 5.135941925898e-005 0.000000000000e+000
 0.000000000000e+000 3.728061631367e-016 7.681992915278e-016 1.156266862138e-015 1.695567644973e-015 2.147586410329e-015 2.677114303177e-015 3.135034611856e-015 3.517796547068e-015 3.811920260555e-015 3.991876234819e-015 4.044250376959e-015 3.984774656224e-015 3.761107808152e-015 3.495291776011e-015 3.079750795152e-015 2.611983621708e-015 2.103776903486e-015 1.605433488868e-015 1.162283477336e-015 7.376025018046e-016 3.742219581750e-016 0.000000000000e+000
 0.000000000000e+000 -5.468744546704e-005 -1.113190453870e-004 -1.719080699102e-004 -2.386084776502e-004 -3.137914899406e-004 -4.001298888083e-004 -4.743927502586e-004 -5.343388969715e-004 -5.781592178911e-004 -6.045312649587e-004 -6.126591626462e-004 -6.022976259417e-004 -5.737593620379e-004 -5.279056324371e-004 -4.661202603741e-004 -3.902678680424e-004 -3.026376040143e-004 -2.279248075288e-004 -1.629405170031e-004 -1.049110112760e-004 -5.135941925828e-005 0.000000000000e+000
 0.000000000000e+000 -1.090335846084e-004 -2.219433441384e-004 -3.427432535667e-004 -4.757277867810e-004 -6.256245871962e-004 -7.977625375984e-004 -9.458247757043e-004 -1.065342934499e-003 -1.152710083174e-003 -1.205289579793e-003 -1.221494641194e-003 -1.200836228973e-003 -1.143937806578e-003 -1.052516522347e-003 -9.293313865173e-004 -7.781000062988e-004 -6.033863919086e-004 -4.544270936132e-004 -3.248640908398e-004 -2.091672522934e-004 -1.023982941495e-004 0.000000000000e+000
 0.000000000000e+000 -1.626992416487e-004 -3.311824864207e-004 -5.114393618679e-004 -7.098780543529e-004 -9.335531232205e-004 -1.190416293582e-003 -1.411353831299e-003 -1.589698067634e-003 -1.720066764210e-003 -1.798525542114e-003 -1.822706615397e-003 -1.791880246006e-003 -1.706976763995e-003 -1.570558488778e-003 -1.386742399054e-003 -1.161075885321e-003 -9.003693347375e-004 -6.780932139971e-004 -4.847601244977e-004 -3.121180388181e-004 -1.527980806244e-004 0.000000000000e+000
 0.000000000000e+000 -2.153494886587e-004 -4.383547090196e-004 -6.769435583311e-004 -9.395979404106e-004 -1.235655301602e-003 -1.575640581303e-003 -1.868074516358e-003 -2.104131750626e-003 -2.276688330811e-003 -2.380536698060e-003 -2.412542843758e-003 -2.371740887127e-003 -2.259362220849e-003 -2.078798345517e-003 -1.835498514929e-003 -1.536805281395e-003 -1.191732904284e-003 -8.975272233573e-004 -6.416306736389e-004 -4.131208331478e-004 -2.022442227782e-004 0.000000000000e+000
 0.000000000000e+000 -2.666557364230e-004 -5.427911513518e-004 -8.382229314472e-004 -1.163453760282e-003 -1.530045694235e-003 -1.951031199064e-003 -2.313136409418e-003 -2.605433362781e-003 -2.819100854558e-003 -2.947690650066e-003 -2.987322081375e-003 -2.936799156869e-003 -2.797646649923e-003 -2.574064078178e-003 -2.272798962752e-003 -1.902943192617e-003 -1.475658639802e-003 -1.111359586486e-003 -7.944966740850e-004 -5.115452537344e-004 -2.504281157676e-004 0.000000000000e+000
 0.000000000000e+000 -3.162977858890e-004 -6.438400312198e-004 -9.942709430530e-004 -1.380048434622e-003 -1.814887010992e-003 -2.314245326403e-003 -2.743761860387e-003 -3.090474248146e-003 -3.343919091110e-003 -3.496447727388e-003 -3.543457054553e-003 -3.483528439625e-003 -3.318470524978e-003 -3.053264639165e-003 -2.695914460735e-003 -2.257204472461e-003 -1.750374495696e-003 -1.318255724503e-003 -9.424040513804e-004 -6.067770088887e-004 -2.970490315633e-004 0.000000000000e+000
 0.000000000000e+000 -3.639658274643e-004 -7.408707143841e-004 -1.144113712666e-003 -1.588030211668e-003 -2.088401569673e-003 -2.663016149194e-003 -3.157263329112e-003 -3.556227244050e-003 -3.847867609212e-003 -4.023383077878e-003 -4.077476848675e-003 -4.008516508130e-003 -3.818583285825e-003 -3.513409236829e-003 -3.102204247999e-003 -2.597378089411e-003 -2.014165899259e-003 -1.516924342731e-003 -1.084429674283e-003 -6.982217300059e-004 -3.418159955184e-004 0.000000000000e+000
 0.000000000000e+000 -4.093623757837e-004 -8.332776527407e-004 -1.286816098816e-003 -1.786101107556e-003 -2.348882394960e-003 -2.995167011374e-003 -3.551060162407e-003 -3.999785576782e-003 -4.327801234594e-003 -4.525208043081e-003 -4.586048569516e-003 -4.508486817454e-003 -4.294863622633e-003 -3.951625998223e-003 -3.489132562792e-003 -2.921340923552e-003 -2.265386449368e-003 -1.706125488208e-003 -1.219687115022e-003 -7.853086803993e-004 -3.844496020460e-004 0.000000000000e+000
 0.000000000000e+000 -4.522041280095e-004 -9.204841667876e-004 -1.421487539772e-003 -1.973025012451e-003 -2.594703877537e-003 -3.308625005401e-003 -3.922694705133e-003 -4.418381006680e-003 -4.780724681205e-003 -4.998790683147e-003 -5.065998142561e-003 -4.980318951343e-003 -4.744338952625e-003 -4.365179888731e-003 -3.854284464605e-003 -3.227071013881e-003 -2.502468189343e-003 -1.884678286585e-003 -1.347332180405e-003 -8.674943166263e-004 -4.246837580971e-004 0.000000000000e+000
 0.000000000000e+000 -4.922237342634e-004 -1.001946049143e-003 -1.547287617719e-003 -2.147635412465e-003 -2.824331927444e-003 -3.601433917152e-003 -4.269847645222e-003 -4.809401109592e-003 -5.203811247307e-003 -5.441175323306e-003 -5.514330120256e-003 -5.421068092933e-003 -5.164203967198e-003 -4.751489776417e-003 -4.195380901170e-003 -3.512660173554e-003 -2.723931389814e-003 -2.051468310130e-003 -1.466568179326e-003 -9.442656801558e-004 -4.622673436018e-004 0.000000000000e+000
 0.000000000000e+000 -5.291714694270e-004 -1.077154967166e-003 -1.663431312383e-003 -2.308842680007e-003 -3.036333559136e-003 -3.871766445250e-003 -4.590352497434e-003 -5.170405587186e-003 -5.594420459718e-003 -5.849600999645e-003 -5.928246373080e-003 -5.827983397752e-003 -5.551838133193e-003 -5.108144534134e-003 -4.510292926071e-003 -3.776325894220e-003 -2.928393780584e-003 -2.205454531018e-003 -1.576650893975e-003 -1.015143598363e-003 -4.969657786008e-004 0.000000000000e+000
 0.000000000000e+000 -5.628167962903e-004 -1.145641644211e-003 -1.769193912355e-003 -2.455640888250e-003 -3.229385849628e-003 -4.117935619638e-003 -4.882209136227e-003 -5.499141504652e-003 -5.950114556041e-003 -6.221518688617e-003 -6.305163547089e-003 -6.198525153539e-003 -5.904822038315e-003 -5.432918078355e-003 -4.797054977880e-003 -4.016422465098e-003 -3.114579174045e-003 -2.345675816795e-003 -1.676893224056e-003 -1.079685675148e-003 -5.285624874402e-004 0.000000000000e+000
 0.000000000000e+000 -5.929498109012e-004 -1.206978800822e-003 -1.863915554999e-003 -2.587114108918e-003 -3.402284215526e-003 -4.338405349624e-003 -5.143596294348e-003 -5.793557361167e-003 -6.268673701813e-003 -6.554607212021e-003 -6.642729177900e-003 -6.530380618568e-003 -6.220952477613e-003 -5.723783250053e-003 -5.053877137583e-003 -4.231451237428e-003 -3.281325426652e-003 -2.471256927998e-003 -1.766669475590e-003 -1.137489052995e-003 -5.568602511614e-004 0.000000000000e+000
 0.000000000000e+000 -6.193825619932e-004 -1.260783839152e-003 -1.947005368830e-003 -2.702442156572e-003 -3.553949959767e-003 -4.531800037760e-003 -5.372882950609e-003 -6.051815905876e-003 -6.548109847242e-003 -6.846787717028e-003 -6.938836358871e-003 -6.821478437867e-003 -6.498256185312e-003 -5.978924449982e-003 -5.279156287410e-003 -4.420069970474e-003 -3.427591689479e-003 -2.581413981474e-003 -1.845419268538e-003 -1.188192930021e-003 -5.816824400954e-004 0.000000000000e+000
 0.000000000000e+000 -6.419502375865e-004 -1.306721256372e-003 -2.017945195826e-003 -2.800905747279e-003 -3.683437044577e-003 -4.696913202606e-003 -5.568638537801e-003 -6.272305620047e-003 -6.786679136310e-003 -7.096236639020e-003 -7.191636869411e-003 -7.070001544674e-003 -6.735002124054e-003 -6.196748948080e-003 -5.471486101004e-003 -4.581101201311e-003 -3.552464903866e-003 -2.675459346932e-003 -1.912651040514e-003 -1.231480817665e-003 -6.028741197020e-004 0.000000000000e+000
 0.000000000000e+000 -6.605122133411e-004 -1.344504775676e-003 -2.076292875329e-003 -2.881891044845e-003 -3.789938053633e-003 -4.832715061037e-003 -5.729641909867e-003 -6.453650794533e-003 -6.982892789527e-003 -7.301397063405e-003 -7.399552677583e-003 -7.274398462647e-003 -6.929712251588e-003 -6.375896794460e-003 -5.629665802271e-003 -4.713539587338e-003 -3.655165503854e-003 -2.752805948960e-003 -1.967945127464e-003 -1.267082527087e-003 -6.203030239673e-004 0.000000000000e+000
 0.000000000000e+000 -6.749529590899e-004 -1.373899187105e-003 -2.121685076322e-003 -2.944893574346e-003 -3.872789313969e-003 -4.938359029194e-003 -5.854889016344e-003 -6.594720140519e-003 -7.135526390216e-003 -7.460988410867e-003 -7.561285739276e-003 -7.433392932326e-003 -7.081170692968e-003 -6.515249267522e-003 -5.752707638083e-003 -4.816558177810e-003 -3.735052293507e-003 -2.812970952130e-003 -2.010956406509e-003 -1.294775875395e-003 -6.338603922055e-004 0.000000000000e+000
 0.000000000000e+000 -6.851828023589e-004 -1.394721894994e-003 -2.153839671324e-003 -2.989521490480e-003 -3.931475157072e-003 -5.013187110876e-003 -5.943599241746e-003 -6.694633880700e-003 -7.243627512681e-003 -7.574014378372e-003 -7.675826023675e-003 -7.545991792777e-003 -7.188431254031e-003 -6.613935802800e-003 -5.839843018450e-003 -4.889513579070e-003 -3.791626474873e-003 -2.855578813579e-003 -2.041416491601e-003 -1.314388106679e-003 -6.434616671460e-004 0.000000000000e+000
 0.000000000000e+000 -6.911385508533e-004 -1.406844174841e-003 -2.172557653451e-003 -3.015498198254e-003 -3.965631309498e-003 -5.056734153431e-003 -5.995220378214e-003 -6.752769277446e-003 -7.306521638622e-003 -7.639769075086e-003 -7.742457701045e-003 -7.611491055746e-003 -7.250823218973e-003 -6.671339354241e-003 -5.890527286805e-003 -4.931949987641e-003 -3.824534811563e-003 -2.880363695846e-003 -2.059135479756e-003 -1.325797027997e-003 -6.490470548845e-004 0.000000000000e+000
 0.000000000000e+000 -6.927839802492e-004 -1.410192150676e-003 -2.177724609392e-003 -3.022664336540e-003 -3.975047417049e-003 -5.068730964675e-003 -6.009432211542e-003 -6.768764563876e-003 -7.323816315022e-003 -7.657841297369e-003 -7.760763432943e-003 -7.629480114030e-003 -7.267955380591e-003 -6.687100147363e-003 -5.904443092852e-003 -4.943602076641e-003 -3.833571924308e-003 -2.887171243714e-003 -2.064003255074e-003 -1.328931867434e-003 -6.505819510219e-004 0.000000000000e+000
 0.000000000000e+000 -6.901101998079e-004 -1.404747515501e-003 -2.169311776521e-003 -3.010979152572e-003 -3.959668724360e-003 -5.049106300939e-003 -5.986148714077e-003 -6.742521252917e-003 -7.295403511828e-003 -7.628116889031e-003 -7.730626705700e-003 -7.599844027070e-003 -7.239718255381e-003 -6.661117790809e-003 -5.881502351281e-003 -4.924396734826e-003 -3.818681730153e-003 -2.875959743985e-003 -2.055990371261e-003 -1.323773871517e-003 -6.480572427364e-004 0.000000000000e+000
 0.000000000000e+000 -6.831359173167e-004 -1.390548034094e-003 -2.147376734400e-003 -2.980521319972e-003 -3.919596955767e-003 -4.997987757449e-003 -5.925518853291e-003 -6.674204807772e-003 -7.221460139569e-003 -7.550779130270e-003 -7.652232143263e-003 -7.522763823157e-003 -7.166284435848e-003 -6.593551718723e-003 -5.821846781810e-003 -4.874453675089e-003 -3.779958057224e-003 -2.846800708219e-003 -2.035148552628e-003 -1.310356673987e-003 -6.414895045227e-004 0.000000000000e+000
 0.000000000000e+000 -6.719076381964e-004 -1.367687892071e-003 -2.112063813115e-003 -2.931489287958e-003 -3.855090476597e-003 -4.915701619939e-003 -5.827926042880e-003 -6.564243664132e-003 -7.102446683918e-003 -7.426307088496e-003 -7.526063722583e-003 -7.398714746496e-003 -7.048107027234e-003 -6.484819940201e-003 -5.725847040155e-003 -4.794084952433e-003 -3.717644495788e-003 -2.799878949430e-003 -2.001610882343e-003 -1.288766490141e-003 -6.309211174458e-004 0.000000000000e+000
 0.000000000000e+000 -6.564998537656e-004 -1.336317992127e-003 -2.063604348821e-003 -2.864201300768e-003 -3.766563861361e-003 -4.802771773731e-003 -5.693986284763e-003 -6.413326598517e-003 -6.939103902985e-003 -7.255471842841e-003 -7.352900789400e-003 -7.228462354966e-003 -6.885916102568e-003 -6.335596072583e-003 -5.594100466021e-003 -4.683793462927e-003 -3.632133587636e-003 -2.735492269592e-003 -1.955591790245e-003 -1.259142225026e-003 -6.164203604168e-004 0.000000000000e+000
 0.000000000000e+000 -6.370153044683e-004 -1.296646354792e-003 -2.002316989403e-003 -2.779095302975e-003 -3.654587064085e-003 -4.659917817978e-003 -5.524545076214e-003 -6.222398435960e-003 -6.732447509398e-003 -7.039330455774e-003 -7.133811728851e-003 -7.013056335404e-003 -6.680713084145e-003 -6.146804630176e-003 -5.427427493934e-003 -4.544270538806e-003 -3.523965516533e-003 -2.654050944393e-003 -1.897387019693e-003 -1.221675636746e-003 -5.980815511690e-004 0.000000000000e+000
 0.000000000000e+000 -6.135854514779e-004 -1.248938868089e-003 -1.928608364488e-003 -2.676729062538e-003 -3.519884487567e-003 -4.488052604793e-003 -5.320673187115e-003 -5.992654079538e-003 -6.483760715676e-003 -6.779217501943e-003 -6.870145075726e-003 -6.753821840133e-003 -6.433762915064e-003 -5.919614525134e-003 -5.226866795421e-003 -4.376392816248e-003 -3.393826553091e-003 -2.556077298658e-003 -1.827373857927e-003 -1.176611779563e-003 -5.760253607306e-004 0.000000000000e+000
 0.000000000000e+000 -5.863713640479e-004 -1.193520765762e-003 -1.842974606714e-003 -2.557781022067e-003 -3.363334400599e-003 -4.288279524609e-003 -5.083661446967e-003 -5.725530815607e-003 -6.194584446797e-003 -6.476733864789e-003 -6.563517743280e-003 -6.452348051511e-003 -6.146583811574e-003 -5.655430705212e-003 -4.993669245197e-003 -4.181218638401e-003 -3.242547643893e-003 -2.442205832577e-003 -1.746012080449e-003 -1.124250084379e-003 -5.503994986817e-004 0.000000000000e+000
 0.000000000000e+000 -5.555653450950e-004 -1.130779425231e-003 -1.746004481935e-003 -2.423052667255e-003 -3.185969383912e-003 -4.061890003137e-003 -4.815014714937e-003 -5.422698785907e-003 -5.866704899687e-003 -6.133732360840e-003 -6.215799895775e-003 -6.110473538940e-003 -5.820934271837e-003 -5.355883789960e-003 -4.729290822689e-003 -3.959984375399e-003 -3.071103742511e-003 -2.313184622348e-003 -1.653846325998e-003 -1.064946647249e-003 -5.213800842142e-004 0.000000000000e+000
 0.000000000000e+000 -5.213937958688e-004 -1.061169407395e-003 -1.638385314099e-003 -2.273473642628e-003 -2.988978844395e-003 -3.810361879024e-003 -4.516445223601e-003 -5.086049388186e-003 -5.502137925299e-003 -5.752299531779e-003 -5.829095779475e-003 -5.730267774324e-003 -5.458796838599e-003 -5.022817444874e-003 -4.435384554263e-003 -3.714101202882e-003 -2.880614799327e-003 -2.169879141453e-003 -1.551511049358e-003 -9.991186403303e-004 -4.891742065550e-004 0.000000000000e+000
 0.000000000000e+000 -4.841220932014e-004 -9.852211760816e-004 -1.520913572676e-003 -2.110111556938e-003 -2.773715206339e-003 -3.535359618620e-003 -4.189865447978e-003 -4.717681103237e-003 -5.103109373569e-003 -5.334732638504e-003 -5.405719564681e-003 -5.314007916474e-003 -5.062357842840e-003 -4.658272996760e-003 -4.113791521406e-003 -3.445153081348e-003 -2.672349826175e-003 -2.013280341858e-003 -1.439739905954e-003 -9.272523146776e-004 -4.540244779627e-004 0.000000000000e+000
 0.000000000000e+000 -4.440626573406e-004 -9.035557268959e-004 -1.394513082938e-003 -1.934189597727e-003 -2.541706323446e-003 -3.238737729305e-003 -3.837380455872e-003 -4.319881704622e-003 -4.672029985871e-003 -4.883510496171e-003 -4.948164984286e-003 -4.864149693041e-003 -4.633981953688e-003 -4.264470329523e-003 -3.766530683991e-003 -3.154896895794e-003 -2.447736252577e-003 -1.844520002737e-003 -1.319382595389e-003 -8.499169545243e-004 -4.162168484109e-004 0.000000000000e+000
 0.000000000000e+000 -4.015879536453e-004 -8.169085338252e-004 -1.260265569984e-003 -1.747117078149e-003 -2.294678271565e-003 -2.922549311363e-003 -3.461279095720e-003 -3.895104675622e-003 -4.211462489572e-003 -4.401256351506e-003 -4.459067434699e-003 -4.383291015918e-003 -4.176179783585e-003 -3.843783174546e-003 -3.395786500370e-003 -2.845265850357e-003 -2.208378138680e-003 -1.664898403730e-003 -1.191434161793e-003 -7.677885419001e-004 -3.760936418263e-004 0.000000000000e+000
 0.000000000000e+000 -3.571508659962e-004 -7.261678629508e-004 -1.119461026352e-003 -1.550541568241e-003 -2.034595676941e-003 -2.589062560111e-003 -3.064021749765e-003 -3.445935243861e-003 -3.724076987922e-003 -3.890690713524e-003 -3.941157628604e-003 -3.874127179914e-003 -3.691566033109e-003 -3.398705051074e-003 -3.003891350328e-003 -2.518376950562e-003 -1.956089266565e-003 -1.475933164452e-003 -1.057085081600e-003 -6.816889866173e-004 -3.340746968040e-004 0.000000000000e+000
 0.000000000000e+000 -3.113154721642e-004 -6.324344626055e-004 -9.736796696874e-004 -1.346437705267e-003 -1.763732785065e-003 -2.240789540097e-003 -2.648218068203e-003 -2.975036196761e-003 -3.212588184447e-003 -3.354572474366e-003 -3.397207763625e-003 -3.339397876164e-003 -3.182804850363e-003 -2.931798410097e-003 -2.593294824330e-003 -2.176541750913e-003 -1.692952176697e-003 -1.279445529956e-003 -9.178060700572e-004 -5.926495827183e-004 -2.906904336495e-004 0.000000000000e+000
 0.000000000000e+000 -2.648009837172e-004 -5.371110267321e-004 -8.249233074464e-004 -1.137259880241e-003 -1.484801906269e-003 -1.880534928811e-003 -2.216576373828e-003 -2.485052123633e-003 -2.679664240612e-003 -2.795629313266e-003 -2.829976370531e-003 -2.781830448795e-003 -2.652538956472e-003 -2.445612472977e-003 -2.166499684602e-003 -1.822273145862e-003 -1.421426340765e-003 -1.077715974526e-003 -7.754905680959e-004 -5.020100431954e-004 -2.466307304034e-004 0.000000000000e+000
 0.000000000000e+000 -2.185385547655e-004 -4.420276756571e-004 -6.758205383213e-004 -9.262088385342e-004 -1.201198463658e-003 -1.511482591838e-003 -1.771772403391e-003 -1.978425793792e-003 -2.127793655458e-003 -2.216487020375e-003 -2.242169885409e-003 -2.204094001093e-003 -2.103302274136e-003 -1.942543347896e-003 -1.725914122854e-003 -1.458257404878e-003 -1.144563363800e-003 -8.737753421606e-004 -6.326904372690e-004 -4.115634285198e-004 -2.028101063120e-004 0.000000000000e+000
 0.000000000000e+000 -1.737307612868e-004 -3.495960833983e-004 -5.299301261919e-004 -7.177029602792e-004 -9.175067456203e-004 -1.137376197357e-003 -1.316076695561e-003 -1.457030493445e-003 -1.559103072786e-003 -1.619630510360e-003 -1.636462059674e-003 -1.608800034238e-003 -1.537430275795e-003 -1.424596865262e-003 -1.273498059445e-003 -1.087169080330e-003 -8.665042866307e-004 -6.719735173183e-004 -4.929887727520e-004 -3.237412290928e-004 -1.604370265522e-004 0.000000000000e+000
 0.000000000000e+000 -1.318803256668e-004 -2.629421702056e-004 -3.921327784422e-004 -5.182014677792e-004 -6.406407962322e-004 -7.630153804790e-004 -8.501960205825e-004 -9.214511903361e-004 -9.751749152749e-004 -1.007482755630e-003 -1.015647668714e-003 -9.986211146271e-004 -9.570285387434e-004 -8.930317931435e-004 -8.099312207837e-004 -7.108217433996e-004 -5.938881374422e-004 -4.791135753376e-004 -3.615152931767e-004 -2.417733935198e-004 -1.210433807996e-004 0.000000000000e+000
 0.000000000000e+000 -9.471368488895e-005 -1.858661316741e-004 -2.689504680589e-004 -3.375174336302e-004 -3.826162910391e-004 -3.960593954457e-004 -3.692765772583e-004 -3.698439717149e-004 -3.771466576630e-004 -3.827852881551e-004 -3.830347378189e-004 -3.766383187999e-004 -3.641758798833e-004 -3.480462252341e-004 -3.328754971779e-004 -3.264103209508e-004 -3.407552791565e-004 -3.065371024443e-004 -2.453596900083e-004 -1.696043225772e-004 -8.637413875396e-005 0.000000000000e+000
 0.000000000000e+000 -6.388426948441e-005 -1.223058008562e-004 -1.681682655649e-004 -1.901938912000e-004 -1.674617399069e-004 -5.490477898145e-005 7.065247926994e-006 4.317454338140e-005 6.440855712181e-005 7.608467235991e-005 8.074314907555e-005 7.920047672425e-005 7.081184520595e-005 5.317370578902e-005 2.098055419579e-005 -3.720894121913e-005 -1.486032815589e-004 -1.720906213390e-004 -1.527233844104e-004 -1.110907505599e-004 -5.799647855459e-005 0.000000000000e+000
 0.000000000000e+000 -4.038999235324e-005 -7.488922825414e-005 -9.615178823836e-005 -9.320256640629e-005 -4.704018483741e-005 8.040367648073e-005 1.173517187677e-004 1.518373176986e-004 1.766225804599e-004 1.913341914851e-004 1.965368737278e-004 1.923869223241e-004 1.782369306437e-004 1.522894479244e-004 1.109557537329e-004 4.758985876343e-005 -4.977269923569e-005 -8.677000461485e-005 -8.791798692032e-005 -6.808716081479e-005 -3.663451951687e-005 0.000000000000e+000
 0.000000000000e+000 -2.397027214336e-005 -4.290427884058e-005 -5.116522973127e-005 -4.215609886632e-005 -9.278823854791e-006 4.684908036952e-005 8.306641615782e-005 1.104584721616e-004 1.299225617493e-004 1.415682125719e-004 1.455166318082e-004 1.416954101212e-004 1.296585422848e-004 1.085161018040e-004 7.709923281320e-005 3.499071002071e-005 -1.312022184147e-005 -4.046076393424e-005 -4.729528532434e-005 -3.918660324527e-005 -2.178946560935e-005 0.000000000000e+000
 0.000000000000e+000 -1.328936812920e-005 -2.284987755901e-005 -2.494836759777e-005 -1.621333920292e-005 4.959953957486e-006 3.491231782134e-005 6.063348096586e-005 8.103289581056e-005 9.577559054354e-005 1.046584621706e-004 1.075689151421e-004 1.043831762969e-004 9.491071397244e-005 7.897170354011e-005 5.674399857640e-005 2.966909392327e-005 2.283741611029e-006 -1.613200600495e-005 -2.333931133598e-005 -2.100253060425e-005 -1.213078647475e-005 0.000000000000e+000
 0.000000000000e+000 -6.726824255428e-006 -1.092720849075e-005 -1.029624189375e-005 -3.184045151482e-006 1.056503441337e-005 2.847902365560e-005 4.573188573391e-005 6.021702211357e-005 7.097867494810e-005 7.753507053581e-005 7.963739247689e-005 7.716157415774e-005 7.008814863506e-005 5.859386884543e-005 4.330381604758e-005 2.573911992520e-005 8.801323964177e-006 -3.599569290956e-006 -9.777949338963e-006 -1.011879085218e-005 -6.173217074594e-006 0.000000000000e+000
 0.000000000000e+000 -2.887878589874e-006 -4.156158563374e-006 -2.427121484512e-006 3.115044095198e-006 1.231485897580e-005 2.374468337026e-005 3.526456728354e-005 4.531904712277e-005 5.297360549006e-005 5.769126813024e-005 5.918613799651e-005 5.734948393352e-005 5.224057409576e-005 4.414707173415e-005 3.371634475732e-005 2.212022497842e-005 1.110273947771e-005 2.579179522500e-006 -2.410451704813e-006 -3.890213088593e-006 -2.668253958098e-006 0.000000000000e+000
 0.000000000000e+000 -7.531731024025e-007 -5.042395875375e-007 1.557733308383e-006 5.847783653684e-006 1.219561370272e-005 1.978558235759e-005 2.754775632742e-005 3.447250011430e-005 3.983588396193e-005 4.317263070067e-005 4.422325535927e-005 4.289956646384e-005 3.928133131815e-005 3.364629688521e-005 2.652294971267e-005 1.872879601123e-005 1.131483297755e-005 5.317989487447e-006 1.359334947383e-006 -5.051221087657e-007 -7.068215791488e-007 0.000000000000e+000
 0.000000000000e+000 3.573508274574e-007 1.319861122061e-006 3.360166650196e-006 6.694137673829e-006 1.119167441409e-005 1.637529805231e-005 2.167226468765e-005 2.644355213233e-005 3.017648985642e-005 3.251340263843e-005 3.324626019015e-005 3.230753158596e-005 2.977036925898e-005 2.585996555104e-005 2.096690455834e-005 1.563968694340e-005 1.052213952951e-005 6.212407477967e-006 3.084460693736e-006 1.198803739234e-006 3.203319174130e-007 0.000000000000e+000
 0.000000000000e+000 8.731889756707e-007 2.104850740497e-006 3.967418468000e-006 6.573126146111e-006 9.829668040378e-006 1.344841588840e-005 1.711222802800e-005 2.041660384301e-005 2.301280554106e-005 2.464307590324e-005 2.515240390466e-005 2.449127422178e-005 2.271753367344e-005 1.999867454285e-005 1.660908724068e-005 1.291084562453e-005 9.305076158160e-006 6.151431355548e-006 3.679699832079e-006 1.939230990576e-006 8.010189730221e-007 0.000000000000e+000
 0.000000000000e+000 1.056146850531e-006 2.320625997261e-006 3.947812403354e-006 5.993933813637e-006 8.393556089188e-006 1.096655374140e-005 1.353522765416e-005 1.584184695117e-005 1.765368003997e-005 1.879172895313e-005 1.914560354304e-005 1.868013322415e-005 1.743768391761e-005 1.553689890134e-005 1.316518885493e-005 1.056002628497e-005 7.974981613579e-006 5.632711030717e-006 3.677771081345e-006 2.148070437270e-006 9.737035371177e-007 0.000000000000e+000
 0.000000000000e+000 1.061727303499e-006 2.241709807107e-006 3.624978763563e-006 5.236918333234e-006 7.030077734682e-006 8.888656142128e-006 1.071352961436e-005 1.233918128679e-005 1.361167014718e-005 1.440936028110e-005 1.465584786346e-005 1.432670842267e-005 1.345163002212e-005 1.211224046116e-005 1.043450584030e-005 8.573915146936e-006 6.692735464615e-006 4.931926059262e-006 3.384627530961e-006 2.079855639046e-006 9.812082232975e-007 0.000000000000e+000
 0.000000000000e+000 9.801709895542e-007 2.025210002047e-006 3.179719927040e-006 4.452173180788e-006 5.807226789494e-006 7.168381982070e-006 8.481473408112e-006 9.639340100476e-006 1.054049239929e-005 1.110329682323e-005 1.127580431476e-005 1.104131326328e-005 1.042008855934e-005 9.467318620278e-006 8.266930810425e-006 6.920841682975e-006 5.534014197450e-006 4.197358349601e-006 2.972299178546e-006 1.881309995495e-006 9.070306861693e-007 0.000000000000e+000
 0.000000000000e+000 8.624747313392e-007 1.758596675032e-006 2.709712974794e-006 3.715317539604e-006 4.748479808306e-006 5.757400227703e-006 6.713721879729e-006 7.547487969203e-006 8.191776776951e-006 8.592154140537e-006 8.713669631017e-006 8.545016808101e-006 8.099818852731e-006 7.415020543644e-006 6.546318729353e-006 5.560714331359e-006 4.526790591894e-006 3.504153151087e-006 2.534216695487e-006 1.634612753464e-006 7.986583339260e-007 0.000000000000e+000
 0.000000000000e+000 7.364097501192e-007 1.488532145227e-006 2.264637418304e-006 3.059797372960e-006 3.853149126220e-006 4.608827183627e-006 5.313185854879e-006 5.920156976691e-006 6.385495483545e-006 6.672986677266e-006 6.759244847271e-006 6.636661063782e-006 6.314321274559e-006 5.816842481215e-006 5.181168704951e-006 4.451548620839e-006 3.673244971030e-006 2.885944527517e-006 2.118153052971e-006 1.383834178873e-006 6.820944232144e-007 0.000000000000e+000
 0.000000000000e+000 6.162157429714e-007 1.238112501352e-006 1.866882009268e-006 2.495765780356e-006 3.108425104759e-006 3.679527415542e-006 4.203659302100e-006 4.650199626658e-006 4.989760291880e-006 5.198227715738e-006 5.259980895737e-006 5.169913033374e-006 4.934067774624e-006 4.568835465675e-006 4.098775971723e-006 3.553288808482e-006 2.962555710106e-006 2.353395875522e-006 1.745806066685e-006 1.150905859416e-006 5.707419114002e-007 0.000000000000e+000
 0.000000000000e+000 5.084015429857e-007 1.017108259411e-006 1.523729252535e-006 2.021107662910e-006 2.496363747885e-006 2.931286618522e-006 3.324913117061e-006 3.656683463635e-006 3.906954062510e-006 4.059615641940e-006 4.104221026010e-006 4.037343205950e-006 3.863007511662e-006 3.592152108379e-006 3.241177578816e-006 2.829763081899e-006 2.378253973455e-006 1.905039120395e-006 1.424389750360e-006 9.451823328616e-007 4.707662112080e-007 0.000000000000e+000
 0.000000000000e+000 4.151830385068e-007 8.280004232143e-007 1.234478443397e-006 1.627809024863e-006 1.997802188091e-006 2.331163510177e-006 2.629188819097e-006 2.877923083759e-006 3.064133192842e-006 3.176999362676e-006 3.209509458850e-006 3.159359204798e-006 3.029241807691e-006 2.826492275599e-006 2.562133416854e-006 2.249453555846e-006 1.902325777210e-006 1.533539888981e-006 1.153438772012e-006 7.691116322507e-007 3.842961568217e-007 0.000000000000e+000
 0.000000000000e+000 3.364988921853e-007 6.695000247077e-007 9.945567128438e-007 1.305557670241e-006 1.594426579835e-006 1.851328173954e-006 2.078567872351e-006 2.266563484393e-006 2.406318714278e-006 2.490514652413e-006 2.514418462948e-006 2.476475003422e-006 2.378499186520e-006 2.225444164563e-006 2.024778946146e-006 1.785566027439e-006 1.517379818128e-006 1.229240801624e-006 9.287471724817e-007 6.215570601677e-007 3.113112178853e-007 0.000000000000e+000
 0.000000000000e+000 2.711750364231e-007 5.385666156001e-007 7.978404264562e-007 1.043703282362e-006 1.269749755400e-006 1.468620436320e-006 1.642937714362e-006 1.786041863358e-006 1.891754052242e-006 1.955080843905e-006 1.972804608575e-006 1.943870303900e-006 1.869512502176e-006 1.753105385169e-006 1.599758714196e-006 1.415720984711e-006 1.207682679949e-006 9.820920433770e-007 7.445972515083e-007 4.997088605074e-007 2.507363878062e-007 0.000000000000e+000
 0.000000000000e+000 2.175825754158e-007 4.315359595174e-007 6.379192013074e-007 8.322554398825e-007 1.009464152849e-006 1.163985251466e-006 1.298392251637e-006 1.407998737811e-006 1.488513662584e-006 1.536496678266e-006 1.549741324836e-006 1.527527185268e-006 1.470703486816e-006 1.381592431317e-006 1.263727587615e-006 1.121467902626e-006 9.595479738647e-007 7.826366174903e-007 5.949753749898e-007 4.001550203608e-007 2.010627517951e-007 0.000000000000e+000
 0.000000000000e+000 1.739964882830e-007 3.447234419595e-007 5.087419140602e-007 6.623279075630e-007 8.014528151371e-007 9.218818651397e-007 1.025963021026e-006 1.110357146662e-006 1.172049261796e-006 1.208643547761e-006 1.218612151651e-006 1.201459427346e-006 1.157776873799e-006 1.089180946022e-006 9.981437785475e-007 8.877433451263e-007 7.613723265458e-007 6.224517452758e-007 4.741945691865e-007 3.194554532896e-007 1.606866825982e-007 0.000000000000e+000
 0.000000000000e+000 1.387796426626e-007 2.747229922959e-007 4.049079503892e-007 5.262737968281e-007 6.356273264483e-007 7.297213935388e-007 8.106087340051e-007 8.758809511419e-007 9.233942454827e-007 9.514612152637e-007 9.590126963414e-007 9.457048125246e-007 9.119550791319e-007 8.589023872200e-007 7.882973662101e-007 7.023403158537e-007 6.034920008279e-007 4.942867141523e-007 3.771761949483e-007 2.544270647250e-007 1.280842331912e-007 0.000000000000e+000
 0.000000000000e+000 1.104666176166e-007 2.185328596062e-007 3.217606476049e-007 4.176566943009e-007 5.036910688853e-007 5.773599985761e-007 6.404095912899e-007 6.910823347811e-007 7.278356788723e-007 7.494673068468e-007 7.552207306902e-007 7.448552090551e-007 7.186695046587e-007 6.774760848904e-007 6.225299383458e-007 5.554230788635e-007 4.779609663809e-007 3.920396006643e-007 2.995414017044e-007 2.022641512533e-007 1.018908022201e-007 0.000000000000e+000
 0.000000000000e+000 8.779166217262e-008 1.735862155341e-007 2.553756500709e-007 3.311424692655e-007 3.988830703465e-007 4.566579694173e-007 5.059249599377e-007 5.453873847083e-007 5.739224522383e-007 5.906635214812e-007 5.950692942539e-007 5.869696342240e-007 5.665812378123e-007 5.344909402667e-007 4.916093192969e-007 4.391016976479e-007 3.783069310913e-007 3.106559392536e-007 2.376014803000e-007 1.605682009941e-007 8.092790611362e-008 0.000000000000e+000
 0.000000000000e+000 6.968692346600e-008 1.377323725081e-007 2.024981371883e-007 2.623600003805e-007 3.157317428040e-007 3.611052803297e-007 3.996816978102e-007 4.304946761297e-007 4.527179766991e-007 4.657198596036e-007 4.691086718669e-007 4.627630109885e-007 4.468420980291e-007 4.217749175324e-007 3.882298170005e-007 3.470691065933e-007 2.992952970379e-007 2.459965987844e-007 1.882989988652e-007 1.273306565352e-007 6.420177779852e-008 0.000000000000e+000
 0.000000000000e+000 5.526613080888e-008 1.091950466452e-007 1.604595947457e-007 2.077572277158e-007 2.498324849073e-007 2.855090323373e-007 3.157669852999e-007 3.398796352780e-007 3.572327654453e-007 3.673609265739e-007 3.699776752891e-007 3.649955452600e-007 3.525329448315e-007 3.329070414904e-007 3.066137081014e-007 2.742974289226e-007 2.367154035350e-007 1.947007126417e-007 1.491292095433e-007 1.008938036175e-007 5.088817524183e-008 0.000000000000e+000
 0.000000000000e+000 4.380236206322e-008 8.652251368399e-008 1.270909181220e-007 1.644660398146e-007 1.976543428744e-007 2.257358376525e-007 2.495046850973e-007 2.684099314517e-007 2.819907191676e-007 2.899006901828e-007 2.919282004888e-007 2.880096354903e-007 2.782340207179e-007 2.628383189225e-007 2.421940927472e-007 2.167873825879e-007 1.871945049761e-007 1.540568782220e-007 1.180578561436e-007 7.990392242005e-008 4.031157497050e-008 0.000000000000e+000
 0.000000000000e+000 3.470461828206e-008 6.853763805639e-008 1.006404640210e-007 1.301820471447e-007 1.563761123792e-007 1.785015071985e-007 1.971983795718e-007 2.120460205472e-007 2.226957318930e-007 2.288874101391e-007 2.304631827723e-007 2.273763577522e-007 2.196945252076e-007 2.075964155519e-007 1.913629439871e-007 1.713636206424e-007 1.480400555705e-007 1.218885451797e-007 9.344365219034e-008 6.326429570655e-008 3.192322757947e-008 0.000000000000e+000
 0.000000000000e+000 2.749563938173e-008 5.429174314931e-008 7.970094953663e-008 1.030611107842e-007 1.237498210155e-007 1.412006127858e-007 1.559275643938e-007 1.676073725455e-007 1.759742054634e-007 1.808310991693e-007 1.820592501057e-007 1.796240855718e-007 1.735773652039e-007 1.640550559396e-007 1.512712522751e-007 1.355088949514e-007 1.171083938436e-007 9.645542965604e-008 7.396916426189e-008 5.009184383949e-008 2.528037869933e-008 0.000000000000e+000
 0.000000000000e+000 2.179207269064e-008 4.302399603964e-008 6.314645539955e-008 8.163226951725e-008 9.798846424968e-008 1.117691610159e-007 1.233861698286e-007 1.325896099888e-007 1.391754305687e-007 1.429933371933e-007 1.439531951120e-007 1.420291897151e-007 1.372612613670e-007 1.297536481106e-007 1.196707071901e-007 1.072304976629e-007 9.269683286385e-008 7.637062245815e-008 5.858129897288e-008 3.967897238443e-008 2.002770524399e-008 0.000000000000e+000
 0.000000000000e+000 1.728736477083e-008 3.412671400954e-008 5.007938187147e-008 6.472562841846e-008 7.767457522517e-008 8.857446494612e-008 9.775475499477e-008 1.050212676609e-007 1.102163694052e-007 1.132245548380e-007 1.139769134126e-007 1.124540124923e-007 1.086868864679e-007 1.027560211660e-007 9.478844364455e-008 8.495322529217e-008 7.345585465609e-008 6.053200930713e-008 4.644124327389e-008 3.146101374260e-008 1.588131498590e-008 0.000000000000e+000
 0.000000000000e+000 1.373735207666e-008 2.711634184902e-008 3.978651891604e-008 5.141334681336e-008 6.168632791466e-008 7.032718027019e-008 7.759947427243e-008 8.335149766505e-008 8.746070460313e-008 8.983770318128e-008 9.042941214832e-008 8.922108421965e-008 8.623699386358e-008 8.153971822279e-008 7.522808007825e-008 6.743395149761e-008 5.831821287646e-008 4.806621071668e-008 3.688305240180e-008 2.498901945122e-008 1.261528428183e-008 0.000000000000e+000
 0.000000000000e+000 1.094833317598e-008 2.160954211742e-008 3.170311822824e-008 4.096179874536e-008 4.913819024388e-008 5.601130203471e-008 6.179232669147e-008 6.636202070380e-008 6.962447142777e-008 7.150998645234e-008 7.197735611753e-008 7.101529301006e-008 6.864291566397e-008 6.490922984822e-008 5.989165169955e-008 5.369370063098e-008 4.644205380056e-008 3.828318628411e-008 2.937982014366e-008 1.990737152491e-008 1.005052608476e-008 0.000000000000e+000
 0.000000000000e+000 8.767326001065e-009 1.730373471323e-008 2.538380782548e-008 3.279309936993e-008 3.933353650903e-008 4.482866278761e-008 4.944833180330e-008 5.309813682290e-008 5.570241333516e-008 5.720636583315e-008 5.757771546344e-008 5.680773938096e-008 5.491161557948e-008 5.192804135323e-008 4.791815429985e-008 4.296383927831e-008 3.716554630391e-008 3.063976773006e-008 2.351632307488e-008 1.593558045322e-008 8.045707498629e-009 0.000000000000e+000
 0.000000000000e+000 7.074199870842e-009 1.396142244901e-008 2.047925940593e-008 2.645439564611e-008 3.172703065017e-008 3.615511735000e-008 3.987618595116e-008 4.281477174068e-008 4.491057402141e-008 4.612004965363e-008 4.641763461962e-008 4.579650832354e-008 4.426884265604e-008 4.186551565765e-008 3.863530749899e-008 3.464363441183e-008 2.997090288201e-008 2.471058280075e-008 1.896710053411e-008 1.285364055120e-008 6.489923293865e-009 0.000000000000e+000
 0.000000000000e+000 5.775390570605e-009 1.139769461139e-008 1.671764349065e-008 2.159355170228e-008 2.589496905765e-008 2.950614703480e-008 3.253968193058e-008 3.493443641884e-008 3.664168242500e-008 3.762632057606e-008 3.786780606826e-008 3.736072263964e-008 3.611496631154e-008 3.415552479985e-008 3.152186478799e-008 2.826696356975e-008 2.445604085558e-008 2.016505751980e-008 1.547905056258e-008 1.049036734755e-008 5.296849510547e-009 0.000000000000e+000
 0.000000000000e+000 4.798940177801e-009 9.470379833051e-009 1.389004990224e-008 1.794008943868e-008 2.151210935873e-008 2.451007657885e-008 2.702776203244e-008 2.901468248230e-008 3.043068661031e-008 3.124691406658e-008 3.144651650140e-008 3.102510089509e-008 2.999086859810e-008 2.836444039969e-008 2.617837595992e-008 2.347641251289e-008 2.031246099143e-008 1.674940637039e-008 1.285776089496e-008 8.714216366056e-009 4.400134000869e-009 0.000000000000e+000
 0.000000000000e+000 4.090643610218e-009 8.072404449418e-009 1.183919377886e-008 1.529045741185e-008 1.833380648509e-008 2.088747888586e-008 2.303154675663e-008 2.472319136968e-008 2.592841572584e-008 2.662282555940e-008 2.679221182391e-008 2.643290559103e-008 2.555188728596e-008 2.416664278216e-008 2.230477265659e-008 2.000337165418e-008 1.730820637103e-008 1.427272417334e-008 1.095692989574e-008 7.426164796498e-009 3.749818744523e-009 0.000000000000e+000
 0.000000000000e+000 3.611123562226e-009 7.125996671162e-009 1.045086126443e-008 1.349689185325e-008 1.618253068658e-008 1.843566271646e-008 2.032706519980e-008 2.181907751388e-008 2.288183680235e-008 2.349394367233e-008 2.364295541210e-008 2.332568437346e-008 2.254828825448e-008 2.132614617282e-008 1.968352570412e-008 1.765305347195e-008 1.527501040647e-008 1.259647747579e-008 9.670359646762e-009 6.554316805186e-009 3.309626245442e-009 0.000000000000e+000
 0.000000000000e+000 3.333693264694e-009 6.578455088344e-009 9.647669682099e-009 1.245930181437e-008 1.493805982422e-008 1.701740461403e-008 1.876272812770e-008 2.013934262677e-008 2.111976500217e-008 2.168431795943e-008 2.182157298133e-008 2.152861760101e-008 2.081113478912e-008 1.968329057787e-008 1.816743314129e-008 1.629361467932e-008 1.409895284245e-008 1.162685363545e-008 8.926119569680e-009 6.049967386641e-009 3.054978133764e-009 0.000000000000e+000
 0.000000000000e+000 3.242902441335e-009 6.399270358682e-009 9.384826536266e-009 1.211975870531e-008 1.453082576043e-008 1.655331245638e-008 1.825084716357e-008 1.958971323181e-008 2.054320440347e-008 2.109220517998e-008 2.122561778802e-008 2.094061928267e-008 2.024273745159e-008 1.914574222379e-008 1.767135513443e-008 1.584878750330e-008 1.371412351444e-008 1.130956780834e-008 8.682581246281e-009 5.884926633019e-009 2.971647687584e-009 0.000000000000e+000

