mode1:H: Re(Hz) vs position, x=5e-06(m), lambda=1.55e-06(m) 

y(microns)(161,1)
 -1.600000000000e+000
 -1.580000000000e+000
 -1.560000000000e+000
 -1.540000000000e+000
 -1.520000000000e+000
 -1.500000000000e+000
 -1.480000000000e+000
 -1.460000000000e+000
 -1.440000000000e+000
 -1.420000000000e+000
 -1.400000000000e+000
 -1.380000000000e+000
 -1.360000000000e+000
 -1.340000000000e+000
 -1.320000000000e+000
 -1.300000000000e+000
 -1.280000000000e+000
 -1.260000000000e+000
 -1.240000000000e+000
 -1.220000000000e+000
 -1.200000000000e+000
 -1.180000000000e+000
 -1.160000000000e+000
 -1.140000000000e+000
 -1.120000000000e+000
 -1.100000000000e+000
 -1.080000000000e+000
 -1.060000000000e+000
 -1.040000000000e+000
 -1.020000000000e+000
 -1.000000000000e+000
 -9.800000000000e-001
 -9.600000000000e-001
 -9.400000000000e-001
 -9.200000000000e-001
 -9.000000000000e-001
 -8.800000000000e-001
 -8.600000000000e-001
 -8.400000000000e-001
 -8.200000000000e-001
 -8.000000000000e-001
 -7.800000000000e-001
 -7.600000000000e-001
 -7.400000000000e-001
 -7.200000000000e-001
 -7.000000000000e-001
 -6.800000000000e-001
 -6.600000000000e-001
 -6.400000000000e-001
 -6.200000000000e-001
 -6.000000000000e-001
 -5.800000000000e-001
 -5.600000000000e-001
 -5.400000000000e-001
 -5.200000000000e-001
 -5.000000000000e-001
 -4.800000000000e-001
 -4.600000000000e-001
 -4.400000000000e-001
 -4.200000000000e-001
 -4.000000000000e-001
 -3.800000000000e-001
 -3.600000000000e-001
 -3.400000000000e-001
 -3.200000000000e-001
 -3.000000000000e-001
 -2.800000000000e-001
 -2.600000000000e-001
 -2.400000000000e-001
 -2.200000000000e-001
 -2.000000000000e-001
 -1.800000000000e-001
 -1.600000000000e-001
 -1.400000000000e-001
 -1.200000000000e-001
 -1.000000000000e-001
 -8.000000000000e-002
 -6.000000000000e-002
 -4.000000000000e-002
 -2.000000000000e-002
 0.000000000000e+000
 2.000000000000e-002
 4.000000000000e-002
 6.000000000000e-002
 8.000000000000e-002
 1.000000000000e-001
 1.200000000000e-001
 1.400000000000e-001
 1.600000000000e-001
 1.800000000000e-001
 2.000000000000e-001
 2.200000000000e-001
 2.400000000000e-001
 2.600000000000e-001
 2.800000000000e-001
 3.000000000000e-001
 3.200000000000e-001
 3.400000000000e-001
 3.600000000000e-001
 3.800000000000e-001
 4.000000000000e-001
 4.200000000000e-001
 4.400000000000e-001
 4.600000000000e-001
 4.800000000000e-001
 5.000000000000e-001
 5.200000000000e-001
 5.400000000000e-001
 5.600000000000e-001
 5.800000000000e-001
 6.000000000000e-001
 6.200000000000e-001
 6.400000000000e-001
 6.600000000000e-001
 6.800000000000e-001
 7.000000000000e-001
 7.200000000000e-001
 7.400000000000e-001
 7.600000000000e-001
 7.800000000000e-001
 8.000000000000e-001
 8.200000000000e-001
 8.400000000000e-001
 8.600000000000e-001
 8.800000000000e-001
 9.000000000000e-001
 9.200000000000e-001
 9.400000000000e-001
 9.600000000000e-001
 9.800000000000e-001
 1.000000000000e+000
 1.020000000000e+000
 1.040000000000e+000
 1.060000000000e+000
 1.080000000000e+000
 1.100000000000e+000
 1.120000000000e+000
 1.140000000000e+000
 1.160000000000e+000
 1.180000000000e+000
 1.200000000000e+000
 1.220000000000e+000
 1.240000000000e+000
 1.260000000000e+000
 1.280000000000e+000
 1.300000000000e+000
 1.320000000000e+000
 1.340000000000e+000
 1.360000000000e+000
 1.380000000000e+000
 1.400000000000e+000
 1.420000000000e+000
 1.440000000000e+000
 1.460000000000e+000
 1.480000000000e+000
 1.500000000000e+000
 1.520000000000e+000
 1.540000000000e+000
 1.560000000000e+000
 1.580000000000e+000
 1.600000000000e+000

z(microns)(23,1)
 -1.100000000000e-001
 -9.000000000000e-002
 -7.000000000000e-002
 -5.000000000000e-002
 -3.000000000000e-002
 -1.000000000000e-002
 1.000000000000e-002
 3.000000000000e-002
 5.000000000000e-002
 7.000000000000e-002
 9.000000000000e-002
 1.100000000000e-001
 1.300000000000e-001
 1.500000000000e-001
 1.700000000000e-001
 1.900000000000e-001
 2.100000000000e-001
 2.300000000000e-001
 2.500000000000e-001
 2.700000000000e-001
 2.900000000000e-001
 3.100000000000e-001
 3.300000000000e-001

mode1:H: Re(Hz) vs position, x=5e-06(m), lambda=1.55e-06(m) (161,23)
 0.000000000000e+000 -1.043380669636e-009 -2.058963427982e-009 -3.019669913078e-009 -3.899845726376e-009 -4.675934292892e-009 -5.327104063834e-009 -5.873808713766e-009 -6.305163951365e-009 -6.612533041814e-009 -6.789718664806e-009 -6.833105713024e-009 -6.741748517042e-009 -6.517398583219e-009 -6.164471391256e-009 -5.689952971187e-009 -5.103249915410e-009 -4.415988487644e-009 -3.641769774977e-009 -2.795888747520e-009 -1.895025250377e-009 -9.569139231321e-010 0.000000000000e+000
 0.000000000000e+000 -1.075011680671e-009 -2.121393242077e-009 -3.111253941259e-009 -4.018166483879e-009 -4.817860271579e-009 -5.488867604974e-009 -6.052255165329e-009 -6.496797910165e-009 -6.813585473130e-009 -6.996221795856e-009 -7.040973779457e-009 -6.946862402723e-009 -6.715691858890e-009 -6.352015109256e-009 -5.863036777978e-009 -5.258457345465e-009 -4.550264547652e-009 -3.752479569500e-009 -2.880866439908e-009 -1.952612893883e-009 -9.859903915980e-010 0.000000000000e+000
 0.000000000000e+000 -1.171812016228e-009 -2.312449242892e-009 -3.391536417525e-009 -4.380281866330e-009 -5.252229948719e-009 -5.983964874685e-009 -6.598428047012e-009 -7.083349210759e-009 -7.428978281112e-009 -7.628308779721e-009 -7.677245028805e-009 -7.574705206626e-009 -7.322654885489e-009 -6.926068775915e-009 -6.392822224617e-009 -5.733517102845e-009 -4.961249348869e-009 -4.091327462915e-009 -3.140951907404e-009 -2.128865090226e-009 -1.074980775336e-009 0.000000000000e+000
 0.000000000000e+000 -1.339616573303e-009 -2.643654529084e-009 -3.877437602329e-009 -5.008078653154e-009 -6.005334075186e-009 -6.842407330493e-009 -7.545484334275e-009 -8.100474984030e-009 -8.496165067556e-009 -8.724482304202e-009 -8.780696970844e-009 -8.663546512197e-009 -8.375276861231e-009 -7.921597547329e-009 -7.311552691033e-009 -6.557313920221e-009 -5.673905414554e-009 -4.678873139886e-009 -3.591911263474e-009 -2.434458248056e-009 -1.229273106639e-009 0.000000000000e+000
 0.000000000000e+000 -1.588532795477e-009 -3.134971463095e-009 -4.598273376059e-009 -5.939483701315e-009 -7.122739373758e-009 -8.116220460189e-009 -8.950913361390e-009 -9.610010068383e-009 -1.008010508353e-008 -1.035152767942e-008 -1.041859499405e-008 -1.027977049131e-008 -9.937717673084e-009 -9.399244819906e-009 -8.675143674110e-009 -7.779931164663e-009 -6.731508321481e-009 -5.550753619838e-009 -4.261068782401e-009 -2.887893644032e-009 -1.458203727065e-009 0.000000000000e+000
 0.000000000000e+000 -1.933536745463e-009 -3.815981596619e-009 -5.597494243627e-009 -7.230724106894e-009 -8.672018438631e-009 -9.882578126345e-009 -1.090001918686e-008 -1.170373091415e-008 -1.227723287520e-008 -1.260860518420e-008 -1.269081960987e-008 -1.252194881657e-008 -1.210523862571e-008 -1.144903733393e-008 -1.056658639126e-008 -9.475686068118e-009 -8.198257023316e-009 -6.759823037214e-009 -5.188940813572e-009 -3.516600153709e-009 -1.775612607847e-009 0.000000000000e+000
 0.000000000000e+000 -2.395352735374e-009 -4.727627646016e-009 -6.935254510798e-009 -8.959669479692e-009 -1.074679072474e-008 -1.224844715160e-008 -1.351108630440e-008 -1.450894386973e-008 -1.522135626297e-008 -1.563333324915e-008 -1.573600293504e-008 -1.552689571851e-008 -1.501004385401e-008 -1.419588827627e-008 -1.310099900565e-008 -1.174763006815e-008 -1.016314043360e-008 -8.379319010039e-009 -6.431651574204e-009 -4.358563616254e-009 -2.200663522148e-009 0.000000000000e+000
 0.000000000000e+000 -3.001663648266e-009 -5.924611939417e-009 -8.691953226917e-009 -1.123044420173e-008 -1.347230712931e-008 -1.535701577489e-008 -1.694253964184e-008 -1.819624061287e-008 -1.909184962835e-008 -1.961024451721e-008 -1.974006111690e-008 -1.947808625811e-008 -1.882939772150e-008 -1.780723802310e-008 -1.643263225477e-008 -1.473378228693e-008 -1.274528562035e-008 -1.050723640247e-008 -8.064266046799e-009 -5.464572622732e-009 -2.758973820736e-009 0.000000000000e+000
 0.000000000000e+000 -3.788715285924e-009 -7.478578440555e-009 -1.097293833142e-008 -1.417956534733e-008 -1.701289635220e-008 -1.939628252562e-008 -2.140252915334e-008 -2.298989742478e-008 -2.412465459789e-008 -2.478214906270e-008 -2.494766406482e-008 -2.461697080508e-008 -2.379652766457e-008 -2.250330534380e-008 -2.076425450962e-008 -1.861546567602e-008 -1.610109660184e-008 -1.327215485702e-008 -1.018522336794e-008 -6.901201866175e-009 -3.484114008262e-009 0.000000000000e+000
 0.000000000000e+000 -4.803395975518e-009 -9.482242140515e-009 -1.391462214290e-008 -1.798394030555e-008 -2.158169225091e-008 -2.461030536907e-008 -2.716151455909e-008 -2.918155885709e-008 -3.062677938829e-008 -3.146512778158e-008 -3.167737628885e-008 -3.125790745690e-008 -3.021500064011e-008 -2.857058500228e-008 -2.635948505825e-008 -2.362823688853e-008 -2.043359158010e-008 -1.684084231451e-008 -1.292210875804e-008 -8.754689582435e-009 -4.419554516144e-009 0.000000000000e+000
 0.000000000000e+000 -6.105892015886e-009 -1.205466967196e-008 -1.769232029929e-008 -2.287114852325e-008 -2.745318038600e-008 -3.131376052324e-008 -3.456860412982e-008 -3.714805184582e-008 -3.899521464288e-008 -4.006811936569e-008 -4.034144696506e-008 -3.980767375098e-008 -3.847748755575e-008 -3.637943219806e-008 -3.355882196196e-008 -3.007604861040e-008 -2.600446329543e-008 -2.142804532385e-008 -1.643906437373e-008 -1.113590464334e-008 -5.621155970327e-009 0.000000000000e+000
 0.000000000000e+000 -7.773039278544e-009 -1.534795767839e-008 -2.253019583226e-008 -2.913253441555e-008 -3.497924328108e-008 -3.991064099685e-008 -4.407262412670e-008 -4.737443668832e-008 -4.974147416802e-008 -5.111837439142e-008 -5.147154458967e-008 -5.079082926325e-008 -4.909011977760e-008 -4.640683391856e-008 -4.280033214275e-008 -3.834946339283e-008 -3.314952651309e-008 -2.730897813647e-008 -2.094620806004e-008 -1.418664073033e-008 -7.160318637764e-009 0.000000000000e+000
 0.000000000000e+000 -9.902509956626e-009 -1.955559695512e-008 -2.871376338851e-008 -3.713975335515e-008 -4.460954836170e-008 -5.091814690109e-008 -5.624917476863e-008 -6.048373424229e-008 -6.352334618735e-008 -6.529445579630e-008 -6.575214717669e-008 -6.488260588903e-008 -6.270401854652e-008 -5.926579930921e-008 -5.464625000866e-008 -4.894895783686e-008 -4.229838029213e-008 -3.483513592139e-008 -2.671150165826e-008 -1.808751643847e-008 -9.127925369058e-009 0.000000000000e+000
 0.000000000000e+000 -1.261798599791e-008 -2.492284379995e-008 -3.660547689189e-008 -4.736553279599e-008 -5.691731130571e-008 -6.499708650145e-008 -7.183527955712e-008 -7.727519914888e-008 -8.118593571359e-008 -8.346900235302e-008 -8.406385060428e-008 -8.295153938520e-008 -8.015607185597e-008 -7.574323053878e-008 -6.981708081494e-008 -6.251462295193e-008 -5.399930030053e-008 -4.445417850825e-008 -3.407557999882e-008 -2.306779514244e-008 -1.163922610959e-008 0.000000000000e+000
 0.000000000000e+000 -1.607547058680e-008 -3.175943297403e-008 -4.666397329206e-008 -6.040952537253e-008 -7.263167507533e-008 -8.299042735586e-008 -9.177367731820e-008 -9.877356770898e-008 -1.038147335897e-007 -1.067641902219e-007 -1.075395979178e-007 -1.061147729831e-007 -1.025216871683e-007 -9.684869297460e-008 -8.923524665927e-008 -7.986388715074e-008 -6.895058556725e-008 -5.673474821466e-008 -4.347010502132e-008 -2.941745483803e-008 -1.483981368409e-008 0.000000000000e+000
 0.000000000000e+000 -2.047086227316e-008 -4.045493480481e-008 -5.946754793660e-008 -7.703021622961e-008 -9.267815896243e-008 -1.059720142344e-007 -1.172693635437e-007 -1.262924400221e-007 -1.328043234311e-007 -1.366237977017e-007 -1.376378349412e-007 -1.358099326813e-007 -1.311831207794e-007 -1.238772318294e-007 -1.140808689112e-007 -1.020392663888e-007 -8.803980138739e-008 -7.239717730383e-008 -5.544022024948e-008 -3.750181385171e-008 -1.891281849226e-008 0.000000000000e+000
 0.000000000000e+000 -2.604884022010e-008 -5.149694328025e-008 -7.574234586868e-008 -9.818385926798e-008 -1.182288252684e-007 -1.353079027616e-007 -1.498616883500e-007 -1.615159192349e-007 -1.699475187417e-007 -1.749071034837e-007 -1.762379720567e-007 -1.738887954404e-007 -1.679181604487e-007 -1.584903400012e-007 -1.458629788181e-007 -1.303685798415e-007 -1.123925602417e-007 -9.235106534921e-008 -7.067160464584e-008 -4.777891616942e-008 -2.408738178311e-008 0.000000000000e+000
 0.000000000000e+000 -3.311294510269e-008 -6.549201299941e-008 -9.639548540815e-008 -1.250712802936e-007 -1.507639323430e-007 -1.727332333059e-007 -1.915161993174e-007 -2.066039080837e-007 -2.175513323737e-007 -2.240116776525e-007 -2.257654347518e-007 -2.227397938079e-007 -2.150155376067e-007 -2.028204489120e-007 -1.865103225352e-007 -1.665405472948e-007 -1.434326156055e-007 -1.177405914688e-007 -9.002238357272e-008 -6.081963508852e-008 -3.064831687159e-008 0.000000000000e+000
 0.000000000000e+000 -4.203642311678e-008 -8.318872585672e-008 -1.225527469405e-007 -1.591929675589e-007 -1.921467985336e-007 -2.204480584577e-007 -2.447415211209e-007 -2.643281736799e-007 -2.785883986829e-007 -2.870346768087e-007 -2.893562505042e-007 -2.854489416665e-007 -2.754256436515e-007 -2.596060038766e-007 -2.384870164267e-007 -2.126991728336e-007 -1.829550177382e-007 -1.499980449882e-007 -1.145596150232e-007 -7.732995654713e-008 -3.894657458827e-008 0.000000000000e+000
 0.000000000000e+000 -5.327282292257e-008 -1.055012722757e-007 -1.555993283983e-007 -2.024119505380e-007 -2.447132314805e-007 -2.812359761066e-007 -3.127379451065e-007 -3.382486037313e-007 -3.568955595618e-007 -3.679858570206e-007 -3.710748934567e-007 -3.660123465229e-007 -3.529581799237e-007 -3.323664577423e-007 -3.049396599999e-007 -2.715607524188e-007 -2.332137370995e-007 -1.909051945143e-007 -1.455990100880e-007 -9.817397382975e-008 -4.940959094281e-008 0.000000000000e+000
 0.000000000000e+000 -6.736431850458e-008 -1.335301585003e-007 -1.972201035249e-007 -2.570221769441e-007 -3.113759092829e-007 -3.586096936461e-007 -3.995861291766e-007 -4.329422388377e-007 -4.574356835603e-007 -4.720706596237e-007 -4.762045089161e-007 -4.696185774660e-007 -4.525426631125e-007 -4.256296030782e-007 -3.898841810196e-007 -3.465575956880e-007 -2.970242287698e-007 -2.426604136543e-007 -1.847445980297e-007 -1.243944604650e-007 -6.254964285071e-008 0.000000000000e+000
 0.000000000000e+000 -8.494397917822e-008 -1.685735770189e-007 -2.494321836757e-007 -3.258168266695e-007 -3.957420823468e-007 -4.569875568936e-007 -5.104864709067e-007 -5.543020448872e-007 -5.866450047876e-007 -6.060691389196e-007 -6.116364477176e-007 -6.030265063930e-007 -5.805738091233e-007 -5.452279053046e-007 -4.984427323545e-007 -4.420124062116e-007 -3.778794369221e-007 -3.079463457805e-007 -2.339215988822e-007 -1.572249920104e-007 -7.896669439615e-008 0.000000000000e+000
 0.000000000000e+000 -1.067252334865e-007 -2.121177359888e-007 -3.145963288824e-007 -4.121452489425e-007 -5.022391575728e-007 -5.819042854665e-007 -6.520624425091e-007 -7.099285444400e-007 -7.528972425470e-007 -7.788472960501e-007 -7.863974286916e-007 -7.750749242391e-007 -7.453725919754e-007 -6.986864081605e-007 -6.371434625499e-007 -5.633463504487e-007 -4.800739733775e-007 -3.899873426010e-007 -2.953898135580e-007 -1.980826404723e-007 -9.933942121780e-008 0.000000000000e+000
 0.000000000000e+000 -1.334667672774e-007 -2.657856026322e-007 -3.953831518424e-007 -5.199373368169e-007 -6.362359291847e-007 -7.402571325044e-007 -8.327446642087e-007 -9.096462200379e-007 -9.671288614044e-007 -1.002053231942e-006 -1.012369382197e-006 -9.973758998542e-007 -9.578065332329e-007 -8.957331444587e-007 -8.142990540308e-007 -7.173215602035e-007 -6.088244267003e-007 -4.925763469796e-007 -3.717147298440e-007 -2.485219147790e-007 -1.243933983431e-007 0.000000000000e+000
 0.000000000000e+000 -1.658927156821e-007 -3.312087030592e-007 -4.946522561634e-007 -6.536574819322e-007 -8.041355042411e-007 -9.405846062154e-007 -1.063257094118e-006 -1.166189398074e-006 -1.243689147562e-006 -1.291073948988e-006 -1.305281751289e-006 -1.285266978773e-006 -1.232131539153e-006 -1.148975035116e-006 -1.040483758516e-006 -9.123141984117e-007 -7.703619820216e-007 -6.200346761679e-007 -4.656565446485e-007 -3.101166403310e-007 -1.548275785882e-007 0.000000000000e+000
 0.000000000000e+000 -2.045340202587e-007 -4.097618907232e-007 -6.151727225731e-007 -8.181223901086e-007 -1.013396256057e-006 -1.193367542906e-006 -1.357233101950e-006 -1.496121319867e-006 -1.601507525680e-006 -1.666363372932e-006 -1.686092657977e-006 -1.659131637570e-006 -1.587145479947e-006 -1.474799996403e-006 -1.329133652465e-006 -1.158605793792e-006 -9.719535505938e-007 -7.770409761527e-007 -5.799089201326e-007 -3.842131793510e-007 -1.911671151351e-007 0.000000000000e+000
 0.000000000000e+000 -2.494335051884e-007 -5.020597617468e-007 -7.590638311244e-007 -1.018070756695e-006 -1.272404535991e-006 -1.511330030899e-006 -1.731998763754e-006 -1.921078945612e-006 -2.065713659237e-006 -2.155303766342e-006 -2.182929587593e-006 -2.146248456550e-006 -2.047785545621e-006 -1.894592731753e-006 -1.697301864856e-006 -1.468666109022e-006 -1.221774248355e-006 -9.682203359155e-007 -7.165720690016e-007 -4.714597052119e-007 -2.334889011170e-007 0.000000000000e+000
 0.000000000000e+000 -2.996183850421e-007 -6.070446329218e-007 -9.267523632003e-007 -1.257296092341e-006 -1.590069641437e-006 -1.909698401601e-006 -2.209576450803e-006 -2.469480893221e-006 -2.669910940089e-006 -2.794839122202e-006 -2.833840178641e-006 -2.783405358402e-006 -2.647364812847e-006 -2.436393204291e-006 -2.166611630110e-006 -1.857377204297e-006 -1.528498954474e-006 -1.197309330372e-006 -8.761662828233e-007 -5.709520975809e-007 -2.809303444908e-007 0.000000000000e+000
 0.000000000000e+000 -3.521793125980e-007 -7.203812289483e-007 -1.115104843110e-006 -1.537026605502e-006 -1.974925392223e-006 -2.406348362932e-006 -2.817990229452e-006 -3.178907544857e-006 -3.459402504116e-006 -3.635231334862e-006 -3.690720183891e-006 -3.620627535962e-006 -3.430740416811e-006 -3.137193314758e-006 -2.764469926971e-006 -2.342111426051e-006 -1.900390163957e-006 -1.465587655380e-006 -1.055861456040e-006 -6.787308228231e-007 -3.308328327402e-007 0.000000000000e+000
 0.000000000000e+000 -4.006880720781e-007 -8.316816005394e-007 -1.314161147868e-006 -1.853023021456e-006 -2.433383915396e-006 -3.021733616416e-006 -3.593010313103e-006 -4.099479994452e-006 -4.495818187988e-006 -4.745451976199e-006 -4.824951952547e-006 -4.726532092404e-006 -4.458855348971e-006 -4.046177774877e-006 -3.525644222132e-006 -2.942521013978e-006 -2.343510706812e-006 -1.769057753786e-006 -1.246380332723e-006 -7.851877604361e-007 -3.772747136330e-007 0.000000000000e+000
 0.000000000000e+000 -4.325106044441e-007 -9.197644823139e-007 -1.501502944571e-006 -2.190503937476e-006 -2.966563418497e-006 -3.778452019992e-006 -4.580589640874e-006 -5.298763271497e-006 -5.863815886651e-006 -6.220949511326e-006 -6.335515847783e-006 -6.196058588201e-006 -5.815328730668e-006 -5.229405652617e-006 -4.494390164508e-006 -3.679820425655e-006 -2.858444041973e-006 -2.093499739040e-006 -1.426668171752e-006 -8.706537639282e-007 -4.085926002663e-007 0.000000000000e+000
 0.000000000000e+000 -4.242907279863e-007 -9.446252110693e-007 -1.632617702522e-006 -2.515380728780e-006 -3.564746157319e-006 -4.700299429582e-006 -5.840496550777e-006 -6.869063983566e-006 -7.680865161098e-006 -8.194833014442e-006 -8.360633230412e-006 -8.161652794076e-006 -7.616134023171e-006 -6.776770227116e-006 -5.727509243615e-006 -4.575248527394e-006 -3.434490597111e-006 -2.405918152129e-006 -1.554806481930e-006 -8.979696584665e-007 -4.032441205690e-007 0.000000000000e+000
 0.000000000000e+000 -3.344485705994e-007 -8.339353691963e-007 -1.624453956364e-006 -2.759151915017e-006 -4.197905414913e-006 -5.810789354315e-006 -7.452206793726e-006 -8.938601476773e-006 -1.011160127723e-005 -1.085387312410e-005 -1.109433829216e-005 -1.080940986242e-005 -1.002397597622e-005 -8.812707199271e-006 -7.299155421572e-006 -5.647317797112e-006 -4.039585227629e-006 -2.639812263777e-006 -1.552606895977e-006 -8.001006903381e-007 -3.229964797432e-007 0.000000000000e+000
 0.000000000000e+000 -9.093596001089e-008 -4.605588724351e-007 -1.327325386915e-006 -2.792650043505e-006 -4.799619443667e-006 -7.131697867342e-006 -9.525390392008e-006 -1.168910816337e-005 -1.338887590532e-005 -1.446105426838e-005 -1.480965974705e-005 -1.440217831926e-005 -1.326986003959e-005 -1.151332444246e-005 -9.309244247231e-006 -6.907511735105e-006 -4.602836591848e-006 -2.669693476232e-006 -1.279554646797e-006 -4.597315698824e-007 -1.019234105212e-007 0.000000000000e+000
 0.000000000000e+000 4.281727256088e-007 3.943070122386e-007 -4.767539408982e-007 -2.379424500060e-006 -5.239361702736e-006 -8.684262957778e-006 -1.222025306289e-005 -1.538424587706e-005 -1.784431897595e-005 -1.938647761668e-005 -1.989007282702e-005 -1.931203184287e-005 -1.768564629846e-005 -1.513493868078e-005 -1.189980131976e-005 -8.354699883628e-006 -4.983834362051e-006 -2.266353878326e-006 -4.888046544715e-007 3.237473278636e-007 3.708431000299e-007 0.000000000000e+000
 0.000000000000e+000 1.423873272015e-006 2.099770476236e-006 1.389222433034e-006 -1.089808011880e-006 -5.272223858075e-006 -1.050285468661e-005 -1.578963583111e-005 -2.041593622890e-005 -2.395147286747e-005 -2.614767760251e-005 -2.687004421475e-005 -2.606438176537e-005 -2.375302603538e-005 -2.006336354285e-005 -1.528966761643e-005 -9.971215152426e-006 -4.916392967282e-006 -1.016280314231e-006 1.246841892003e-006 1.885995614572e-006 1.276798340091e-006 0.000000000000e+000
 0.000000000000e+000 3.215946776202e-006 5.263049556575e-006 5.070900330329e-006 1.866151733804e-006 -4.436071994003e-006 -1.269719599415e-005 -2.066880276634e-005 -2.737793707558e-005 -3.238289418719e-005 -3.545796384683e-005 -3.648299805169e-005 -3.539424780250e-005 -3.217548750347e-005 -2.690087003550e-005 -1.985303411415e-005 -1.173413772438e-005 -3.896414579693e-006 1.828992087759e-006 4.657729713492e-006 4.774151050663e-006 2.902859310134e-006 0.000000000000e+000
 0.000000000000e+000 6.286173036621e-006 1.084446961864e-005 1.193753549674e-005 7.983016370988e-006 -1.791800416931e-006 -1.570319047845e-005 -2.766038730996e-005 -3.716995414254e-005 -4.407585646682e-005 -4.827639246092e-005 -4.970999484549e-005 -4.830961066502e-005 -4.397693064423e-005 -3.661781599246e-005 -2.630386008291e-005 -1.369841976066e-005 -9.243485724178e-007 7.646145577723e-006 1.097246957936e-005 9.846342813445e-006 5.679859600853e-006 0.000000000000e+000
 0.000000000000e+000 1.129794028970e-005 2.025971962271e-005 2.425750778239e-005 2.019151824303e-005 4.928141498208e-006 -2.130912715740e-005 -3.823705583008e-005 -5.109414331631e-005 -6.028667807201e-005 -6.584698265664e-005 -6.781515895724e-005 -6.614386334381e-005 -6.061323337104e-005 -5.079540571031e-005 -3.612784115611e-005 -1.639464082887e-005 6.213283293145e-006 1.902189499053e-005 2.219087150741e-005 1.836379358883e-005 1.020380419133e-005 0.000000000000e+000
 0.000000000000e+000 1.902988102637e-005 3.532758066594e-005 4.546576087311e-005 4.428370904861e-005 2.278948028555e-005 -3.710068111177e-005 -5.445695462611e-005 -7.078398510288e-005 -8.260884631787e-005 -8.971746916195e-005 -9.234849860572e-005 -9.055742677194e-005 -8.402927890429e-005 -7.191154747783e-005 -5.250311169700e-005 -2.263976820466e-005 2.340573101360e-005 4.081950037768e-005 4.131786372192e-005 3.196931410694e-005 1.719116571397e-005 0.000000000000e+000
 0.000000000000e+000 3.014082128772e-005 5.775573165145e-005 7.953960924538e-005 9.019326256766e-005 7.982135785155e-005 2.702969084587e-005 -2.155359798738e-006 -1.928235006556e-005 -2.947326263318e-005 -3.519194436360e-005 -3.760344371997e-005 -3.707148379140e-005 -3.328148679279e-005 -2.509584421362e-005 -1.000337580485e-005 1.743312147123e-005 7.019193401525e-005 8.121109648863e-005 7.199084736150e-005 5.231907961797e-005 2.729848186842e-005 0.000000000000e+000
 0.000000000000e+000 4.480214708086e-005 8.797800990786e-005 1.274472017836e-004 1.601940074868e-004 1.819860975467e-004 1.888889769749e-004 1.765806389410e-004 1.770237015037e-004 1.805105266962e-004 1.831062608994e-004 1.830790209208e-004 1.798553657180e-004 1.737221395061e-004 1.658218077626e-004 1.583538151385e-004 1.550129088282e-004 1.616037609539e-004 1.451816772752e-004 1.160757664311e-004 8.016914700497e-005 4.080625379756e-005 0.000000000000e+000
 0.000000000000e+000 6.261256440704e-005 1.248972969145e-004 1.864090605322e-004 2.465943990757e-004 3.052256849783e-004 3.639641782955e-004 4.059354145902e-004 4.401891883809e-004 4.659497719900e-004 4.813840221423e-004 4.852137617377e-004 4.769570099495e-004 4.569247430021e-004 4.261577919453e-004 3.862432554942e-004 3.386845131163e-004 2.826740135385e-004 2.278062646916e-004 1.717346765656e-004 1.147722140693e-004 5.743542629386e-005 0.000000000000e+000
 0.000000000000e+000 8.287898996049e-005 1.668347625897e-004 2.530333146771e-004 3.429304895075e-004 4.387325642887e-004 5.442544981801e-004 6.301233583349e-004 6.978763643219e-004 7.469262147694e-004 7.759872785079e-004 7.840344234713e-004 7.706956662299e-004 7.363593469298e-004 6.821152136214e-004 6.095176318576e-004 5.200581066763e-004 4.142256709183e-004 3.210025696806e-004 2.353465563599e-004 1.544692840491e-004 7.652510423959e-005 0.000000000000e+000
 0.000000000000e+000 1.048856569708e-004 2.122000964753e-004 3.245594484784e-004 4.450177518446e-004 5.774319303676e-004 7.269233815943e-004 8.524271893298e-004 9.521162644395e-004 1.024184182199e-003 1.066974800275e-003 1.079355919551e-003 1.060970185722e-003 1.012329892702e-003 9.347759075992e-004 8.303080056239e-004 7.012980883171e-004 5.502018339270e-004 4.198320953952e-004 3.038576462739e-004 1.975853671425e-004 9.734258171947e-005 0.000000000000e+000
 0.000000000000e+000 1.280285634903e-004 2.597331153068e-004 3.990182783459e-004 5.502751165958e-004 7.186807064982e-004 9.105075312056e-004 1.073489914818e-003 1.203757376021e-003 1.298212084698e-003 1.354506292091e-003 1.371185766177e-003 1.347824320705e-003 1.285083018300e-003 1.184680951403e-003 1.049286614269e-003 8.823653704856e-004 6.880769506207e-004 5.215307207134e-004 3.751618391125e-004 2.427970872146e-004 1.192627895657e-004 0.000000000000e+000
 0.000000000000e+000 1.518471219760e-004 3.085137488918e-004 4.750679066424e-004 6.570873635090e-004 8.609359207971e-004 1.094036827092e-003 1.293195245768e-003 1.453004264654e-003 1.569195542809e-003 1.638660806667e-003 1.659535419235e-003 1.631278686270e-003 1.554708676192e-003 1.431976771194e-003 1.266488019668e-003 1.062793759450e-003 8.265050651924e-004 6.244984505891e-004 4.478893552804e-004 2.891626858481e-004 1.418158289839e-004 0.000000000000e+000
 0.000000000000e+000 1.760073992074e-004 3.578931120816e-004 5.517996062832e-004 7.644046498893e-004 1.003201657671e-003 1.276784139247e-003 1.511204264121e-003 1.699750881030e-003 1.837099118439e-003 1.919395264644e-003 1.944343154657e-003 1.911269927822e-003 1.821150141957e-003 1.676578832210e-003 1.481696902438e-003 1.242083758706e-003 9.646387466354e-004 7.277493661653e-004 5.211526088075e-004 3.360394567893e-004 1.646696091424e-004 0.000000000000e+000
 0.000000000000e+000 2.002717847350e-004 4.074163394295e-004 6.285882071360e-004 8.715117841477e-004 1.144780348574e-003 1.458168980184e-003 1.727121523178e-003 1.943746184455e-003 2.101745692128e-003 2.196556825382e-003 2.225459013343e-003 2.187644471247e-003 2.084240255217e-003 1.918277296167e-003 1.694608288618e-003 1.419782180284e-003 1.101884793947e-003 8.306342609536e-004 5.943631610936e-004 3.829915807930e-004 1.875947154817e-004 0.000000000000e+000
 0.000000000000e+000 2.244705591447e-004 4.567601741832e-004 7.049905635065e-004 9.778962722239e-004 1.285149603922e-003 1.637707969740e-003 1.940548233770e-003 2.184672595593e-003 2.362871727202e-003 2.469909135347e-003 2.502656057389e-003 2.460173368563e-003 2.343735816905e-003 2.156796139248e-003 1.904890307802e-003 1.595488327861e-003 1.237795834905e-003 9.326971707071e-004 6.671156715936e-004 4.297184184768e-004 2.104319658258e-004 0.000000000000e+000
 0.000000000000e+000 2.484799432838e-004 5.056883325190e-004 7.806799512140e-004 1.083171445272e-003 1.423895552340e-003 1.814984595893e-003 2.151098302880e-003 2.422183243536e-003 2.620162493884e-003 2.739157597444e-003 2.775648998740e-003 2.728571805685e-003 2.599343882019e-003 2.391824934862e-003 2.112207705960e-003 1.768844564763e-003 1.372013845302e-003 1.033597407478e-003 7.391171518933e-004 4.760053913478e-004 2.330681395026e-004 0.000000000000e+000
 0.000000000000e+000 2.722066165761e-004 5.540214080337e-004 8.554044666750e-004 1.187030574803e-003 1.560674211459e-003 1.989629375103e-003 2.358401785049e-003 2.655920056377e-003 2.873274067184e-003 3.003969545091e-003 3.044112089247e-003 2.992516747237e-003 2.850740408292e-003 2.623036052373e-003 2.316230041525e-003 1.939525670149e-003 1.504237702442e-003 1.133065186525e-003 8.101442070139e-004 5.216922099780e-004 2.554194586175e-004 0.000000000000e+000
 0.000000000000e+000 2.955773103431e-004 6.016171851454e-004 9.289607925247e-004 1.289218876081e-003 1.695188043376e-003 2.161306540376e-003 2.562104288887e-003 2.885522852965e-003 3.121847131519e-003 3.263989140952e-003 3.307693665490e-003 3.251660909292e-003 3.097583122700e-003 2.850094278577e-003 2.516634141874e-003 2.107230284038e-003 1.634203562520e-003 1.230875480388e-003 8.800171331460e-004 5.666528765794e-004 2.774208765682e-004 0.000000000000e+000
 0.000000000000e+000 3.185319956549e-004 6.483579601206e-004 1.001177652529e-003 1.389516133883e-003 1.827171317391e-003 2.329705093744e-003 2.761865390736e-003 3.110634119641e-003 3.365515772621e-003 3.518847975469e-003 3.566027104919e-003 3.505643150669e-003 3.339520336208e-003 3.072662476526e-003 2.713104588688e-003 2.271674768866e-003 1.761672710643e-003 1.326832257973e-003 9.485841454757e-004 6.107832585424e-004 2.990193077716e-004 0.000000000000e+000
 0.000000000000e+000 3.410194888449e-004 6.941424380694e-004 1.071905356457e-003 1.487725793963e-003 1.956380829719e-003 2.494532835688e-003 2.957357103950e-003 3.330901668240e-003 3.603913186249e-003 3.768172477786e-003 3.818738768000e-003 3.754095964687e-003 3.576197006355e-003 3.290405119637e-003 2.905333667130e-003 2.432589070166e-003 1.886423983235e-003 1.420758860853e-003 1.015711730547e-003 6.539934114601e-004 3.201694061163e-004 0.000000000000e+000
 0.000000000000e+000 3.629946393536e-004 7.388805740881e-004 1.141009180855e-003 1.583668067769e-003 2.082589983276e-003 2.655512430870e-003 3.148262703497e-003 3.545980229030e-003 3.836675471008e-003 4.011589074876e-003 4.065453655921e-003 3.996650812383e-003 3.807258954565e-003 3.502990645358e-003 3.093021284016e-003 2.589714057503e-003 2.008249059061e-003 1.512492098877e-003 1.081278731825e-003 6.962028511756e-004 3.408309524175e-004 0.000000000000e+000
 0.000000000000e+000 3.844165388637e-004 7.824902968764e-004 1.208365176380e-003 1.677175564941e-003 2.205585015462e-003 2.812378862140e-003 3.334275933752e-003 3.755532496444e-003 4.063444218464e-003 4.248727802800e-003 4.305799427330e-003 4.232941919304e-003 4.032355852050e-003 3.710093125539e-003 3.275874999328e-003 2.742799902774e-003 2.126949570740e-003 1.601878636912e-003 1.145172728724e-003 7.373376515077e-004 3.609672463063e-004 0.000000000000e+000
 0.000000000000e+000 4.052473855085e-004 8.248954342242e-004 1.273857517802e-003 1.768090535000e-003 2.325162614766e-003 2.964877826038e-003 3.515100540446e-003 3.959229888009e-003 4.283868341578e-003 4.479224871195e-003 4.539409272046e-003 4.462609006340e-003 4.251143384191e-003 3.911393523822e-003 3.453610184399e-003 2.891605160877e-003 2.242335375921e-003 1.688772807075e-003 1.207287833769e-003 7.773286728433e-004 3.805441224761e-004 0.000000000000e+000
 0.000000000000e+000 4.254517674772e-004 8.660244066259e-004 1.337376839367e-003 1.856263141253e-003 2.441128441205e-003 3.112764763185e-003 3.690450051091e-003 4.156753149837e-003 4.497605416888e-003 4.702724526383e-003 4.765924002646e-003 4.685299291483e-003 4.463284865232e-003 4.106580692355e-003 3.625950280089e-003 3.035896313942e-003 2.354223566513e-003 1.773035312623e-003 1.267523370830e-003 8.161104925225e-004 3.995293547310e-004 0.000000000000e+000
 0.000000000000e+000 4.449962152668e-004 9.058094128738e-004 1.398819202195e-003 1.941550400251e-003 2.553296236883e-003 3.255804314257e-003 3.860047735857e-003 4.347792877839e-003 4.704322713592e-003 4.918880446437e-003 4.984993615822e-003 4.900668996199e-003 4.668452482959e-003 4.295352196736e-003 3.792627122154e-003 3.175447614621e-003 2.462437945544e-003 1.854532490504e-003 1.325783102245e-003 8.536207715252e-004 4.178923010456e-004 0.000000000000e+000
 0.000000000000e+000 4.638489262671e-004 9.441859314908e-004 1.458085468335e-003 2.023815551722e-003 2.661487322150e-003 3.393770059311e-003 4.023626694649e-003 4.532049990597e-003 4.903698018753e-003 5.127356823618e-003 5.196278495252e-003 5.108384515337e-003 4.866328291889e-003 4.477415022864e-003 3.953381305969e-003 3.310041117776e-003 2.566808798026e-003 1.933135923386e-003 1.381974798072e-003 8.897998926077e-004 4.356036984689e-004 0.000000000000e+000
 0.000000000000e+000 4.819796000606e-004 9.810924252774e-004 1.515080936949e-003 2.102927707204e-003 2.765530343267e-003 3.526444444159e-003 4.180930029631e-003 4.709236172332e-003 5.095420327545e-003 5.327829236608e-003 5.399450371191e-003 5.308123357178e-003 5.056605033064e-003 4.652486199047e-003 4.107962569964e-003 3.439466827347e-003 2.667172844407e-003 2.008722269127e-003 1.436010018088e-003 9.245907671214e-004 4.526355511103e-004 0.000000000000e+000
 0.000000000000e+000 4.993593448870e-004 1.016470176542e-003 1.569715149460e-003 2.178761678836e-003 2.865261183325e-003 3.653618828688e-003 4.331711073393e-003 4.879074295082e-003 5.279190441925e-003 5.519985379503e-003 5.594193113215e-003 5.499574924514e-003 5.238986831881e-003 4.820293354604e-003 4.256130183481e-003 3.563522910580e-003 2.763373305263e-003 2.081173224169e-003 1.487804025285e-003 9.579387462187e-004 4.689610757575e-004 0.000000000000e+000
 0.000000000000e+000 5.159606297948e-004 1.050263206265e-003 1.621901803290e-003 2.251197924052e-003 2.960522978130e-003 3.775093613139e-003 4.475733651385e-003 5.041298824206e-003 5.454721504878e-003 5.703525690991e-003 5.780203406398e-003 5.682441183541e-003 5.413189807759e-003 4.980575228736e-003 4.397653329624e-003 3.682015948714e-003 2.855260031664e-003 2.150375567963e-003 1.537275779692e-003 9.897915961027e-004 4.845546829154e-004 0.000000000000e+000
 0.000000000000e+000 5.317572659915e-004 1.082418246885e-003 1.671558734908e-003 2.320122564003e-003 3.051166198398e-003 3.890678412586e-003 4.612772363323e-003 5.195656208679e-003 5.621739487119e-003 5.878163911675e-003 5.957191343714e-003 5.856437251281e-003 5.578942617887e-003 5.133082138771e-003 4.532311477099e-003 3.794761204367e-003 2.942689672176e-003 2.216221254904e-003 1.584347980244e-003 1.020099511935e-003 4.993919793199e-004 0.000000000000e+000
 0.000000000000e+000 5.467244066742e-004 1.112884748954e-003 1.718607946466e-003 2.385427447988e-003 3.137048772515e-003 4.000192259420e-003 4.742612872736e-003 5.341905256256e-003 5.779983636574e-003 6.043627587390e-003 6.124880955943e-003 6.021291921579e-003 5.735986949612e-003 5.277576413783e-003 4.659894737299e-003 3.901582893010e-003 3.025525858067e-003 2.278607532552e-003 1.628947134311e-003 1.048815154408e-003 5.134497831442e-004 0.000000000000e+000
 0.000000000000e+000 5.608385583379e-004 1.141614908739e-003 1.762975659139e-003 2.447010245507e-003 3.218036232662e-003 4.103463820084e-003 4.865052196864e-003 5.479817492914e-003 5.929206896842e-003 6.199658529804e-003 6.283010692751e-003 6.176748142686e-003 5.884077970986e-003 5.413832797633e-003 4.780204204353e-003 4.002314450609e-003 3.103639395037e-003 2.337437072716e-003 1.671003642013e-003 1.075893698889e-003 5.267061463674e-004 0.000000000000e+000
 0.000000000000e+000 5.740775989648e-004 1.168563708251e-003 1.804592381994e-003 2.504774553737e-003 3.294001872725e-003 4.200331616632e-003 4.979898991347e-003 5.609177505676e-003 6.069176298270e-003 6.346013241320e-003 6.431333863650e-003 6.322563454806e-003 6.022984745677e-003 5.541638824074e-003 4.893052276783e-003 4.096798792439e-003 3.176908454102e-003 2.392618106914e-003 1.710451887185e-003 1.101292890780e-003 5.391403808148e-004 0.000000000000e+000
 0.000000000000e+000 5.864208000569e-004 1.193688962083e-003 1.843392988968e-003 2.558630012238e-003 3.364826910147e-003 4.290644246577e-003 5.086973825643e-003 5.729783267832e-003 6.199673323614e-003 6.482463308585e-003 6.569619044305e-003 6.458510392938e-003 6.152490616209e-003 5.660795165702e-003 4.998262959950e-003 4.184888559918e-003 3.245218756963e-003 2.444064560835e-003 1.747230329859e-003 1.124973103052e-003 5.507330856671e-004 0.000000000000e+000
 0.000000000000e+000 5.978488504946e-004 1.216951367284e-003 1.879316798979e-003 2.608492419370e-003 3.430400646368e-003 4.374260596499e-003 5.186109446232e-003 5.841446445581e-003 6.320494249307e-003 6.608795767147e-003 6.697650451578e-003 6.584376858378e-003 6.272393558070e-003 5.771115957868e-003 5.095672148786e-003 4.266446353514e-003 3.308463752936e-003 2.491696184431e-003 1.781281597004e-003 1.146897393435e-003 5.614661750449e-004 0.000000000000e+000
 0.000000000000e+000 6.083438808725e-004 1.238314553767e-003 1.912307655823e-003 2.654283846685e-003 3.490620622164e-003 4.451050046187e-003 5.277151025383e-003 5.943992685191e-003 6.431450462709e-003 6.724813438700e-003 6.815228289316e-003 6.699966460918e-003 6.382506506255e-003 5.872429098261e-003 5.185127890502e-003 4.341344950455e-003 3.366544785570e-003 2.535438675480e-003 1.812552569479e-003 1.167031559639e-003 5.713229047922e-004 0.000000000000e+000
 0.000000000000e+000 6.178894873990e-004 1.257745133548e-003 1.942314005583e-003 2.695932748695e-003 3.545392765309e-003 4.520892661032e-003 5.359956393832e-003 6.037261879846e-003 6.532368755394e-003 6.830335241651e-003 6.922169066037e-003 6.805098832964e-003 6.482657655173e-003 5.964576522559e-003 5.266490627032e-003 4.409467506460e-003 3.419371247776e-003 2.575223795268e-003 1.840994463906e-003 1.185344191600e-003 5.802878978988e-004 0.000000000000e+000
 0.000000000000e+000 6.264707547411e-004 1.275212747630e-003 1.969288969961e-003 2.733374066244e-003 3.594631528746e-003 4.583679370992e-003 5.434396256092e-003 6.121108415458e-003 6.623091592296e-003 6.925196475333e-003 7.018305885131e-003 6.899609916255e-003 6.572690732446e-003 6.047414456377e-003 5.339633417048e-003 4.470707740923e-003 3.466860724702e-003 2.610989475517e-003 1.866562908604e-003 1.201806720100e-003 5.883471682068e-004 0.000000000000e+000
 0.000000000000e+000 6.340742773884e-004 1.290690109759e-003 1.993190414466e-003 2.766549322205e-003 3.638260017958e-003 4.639312134912e-003 5.500354387422e-003 6.195401394807e-003 6.703477356458e-003 7.009249077908e-003 7.103488707827e-003 6.983352221489e-003 6.652465246853e-003 6.120813643560e-003 5.404442137381e-003 4.524970105217e-003 3.508939123820e-003 2.642679915970e-003 1.889218013067e-003 1.216393461328e-003 5.954881421756e-004 0.000000000000e+000
 0.000000000000e+000 6.406881792370e-004 1.304153046465e-003 2.013981010671e-003 2.795406708625e-003 3.676210106601e-003 4.687704089271e-003 5.557727811668e-003 6.260024839440e-003 6.773400569066e-003 7.082361857870e-003 7.177584588989e-003 7.056195060997e-003 6.721856710501e-003 6.184659550829e-003 5.460815663705e-003 4.572169933823e-003 3.545540791916e-003 2.670245672287e-003 1.908924430634e-003 1.229081657146e-003 6.016996785565e-004 0.000000000000e+000
 0.000000000000e+000 6.463021311886e-004 1.315580533007e-003 2.031628292012e-003 2.819901164661e-003 3.708422539699e-003 4.728779680670e-003 5.606426959364e-003 6.314877868864e-003 6.832752084449e-003 7.144420698964e-003 7.240477885659e-003 7.118024754422e-003 6.780756835203e-003 6.238852548697e-003 5.508666030353e-003 4.612233578094e-003 3.576608618724e-003 2.693643733991e-003 1.925651414125e-003 1.239851510850e-003 6.069720858854e-004 0.000000000000e+000
 0.000000000000e+000 6.509073666130e-004 1.324954724930e-003 2.046104702715e-003 2.839994444830e-003 3.734847023892e-003 4.762474781518e-003 5.646375805606e-003 6.359874856620e-003 6.881439259740e-003 7.195328738332e-003 7.292070438242e-003 7.168744807345e-003 6.829073702991e-003 6.283308068566e-003 5.547918569119e-003 4.645098522488e-003 3.602094127029e-003 2.712837592267e-003 1.939372864264e-003 1.248686218323e-003 6.112971377240e-004 0.000000000000e+000
 0.000000000000e+000 6.544966945692e-004 1.332260985031e-003 2.057387639572e-003 2.855655177226e-003 3.755442304327e-003 4.788736788518e-003 5.677511987307e-003 6.394945562898e-003 6.919386098927e-003 7.235006517661e-003 7.332281724154e-003 7.208276062708e-003 6.866731910651e-003 6.317956735897e-003 5.578512026939e-003 4.670713483132e-003 3.621957549091e-003 2.727797297517e-003 1.950067370803e-003 1.255571994503e-003 6.146680856104e-004 0.000000000000e+000
 0.000000000000e+000 6.570645107080e-004 1.337487905593e-003 2.065459486370e-003 2.866858911459e-003 3.770176227921e-003 4.807524703619e-003 5.699786899521e-003 6.420035243409e-003 6.946533371044e-003 7.263392107145e-003 7.361048983782e-003 7.236556824937e-003 6.893672688169e-003 6.342744479333e-003 5.600398662336e-003 4.689038488617e-003 3.636167889323e-003 2.738499506548e-003 1.957718246253e-003 1.260498095093e-003 6.170796696864e-004 0.000000000000e+000
 0.000000000000e+000 6.586068058004e-004 1.340627325770e-003 2.070307640791e-003 2.873588156104e-003 3.779025792771e-003 4.818809197217e-003 5.713165770599e-003 6.435104734297e-003 6.962838702308e-003 7.280441202084e-003 7.378327318629e-003 7.253542956615e-003 6.909853990987e-003 6.357632615694e-003 5.613544320535e-003 4.700044942924e-003 3.644702973098e-003 2.744927519344e-003 1.962313552172e-003 1.263456833485e-003 6.185281269815e-004 0.000000000000e+000
 0.000000000000e+000 6.591211718556e-004 1.341674344052e-003 2.071924533708e-003 2.875832405540e-003 3.781977183546e-003 4.822572653414e-003 5.717627715996e-003 6.440130512908e-003 6.968276642050e-003 7.286127191990e-003 7.384089761496e-003 7.259207947616e-003 6.915250565966e-003 6.362597910748e-003 5.617928487170e-003 4.703715670430e-003 3.647549481660e-003 2.747071305365e-003 1.963846117962e-003 1.264443592864e-003 6.190111973401e-004 0.000000000000e+000
 0.000000000000e+000 6.586068058003e-004 1.340627325769e-003 2.070307640790e-003 2.873588156102e-003 3.779025792770e-003 4.818809197217e-003 5.713165770600e-003 6.435104734298e-003 6.962838702309e-003 7.280441202085e-003 7.378327318630e-003 7.253542956616e-003 6.909853990988e-003 6.357632615695e-003 5.613544320535e-003 4.700044942924e-003 3.644702973096e-003 2.744927519343e-003 1.962313552171e-003 1.263456833484e-003 6.185281269813e-004 0.000000000000e+000
 0.000000000000e+000 6.570645107079e-004 1.337487905593e-003 2.065459486370e-003 2.866858911459e-003 3.770176227921e-003 4.807524703619e-003 5.699786899522e-003 6.420035243409e-003 6.946533371045e-003 7.263392107146e-003 7.361048983783e-003 7.236556824938e-003 6.893672688170e-003 6.342744479333e-003 5.600398662337e-003 4.689038488617e-003 3.636167889323e-003 2.738499506547e-003 1.957718246253e-003 1.260498095093e-003 6.170796696862e-004 0.000000000000e+000
 0.000000000000e+000 6.544966945693e-004 1.332260985031e-003 2.057387639573e-003 2.855655177227e-003 3.755442304327e-003 4.788736788518e-003 5.677511987308e-003 6.394945562898e-003 6.919386098928e-003 7.235006517662e-003 7.332281724154e-003 7.208276062709e-003 6.866731910651e-003 6.317956735897e-003 5.578512026939e-003 4.670713483133e-003 3.621957549092e-003 2.727797297518e-003 1.950067370803e-003 1.255571994503e-003 6.146680856105e-004 0.000000000000e+000
 0.000000000000e+000 6.509073666131e-004 1.324954724930e-003 2.046104702715e-003 2.839994444830e-003 3.734847023893e-003 4.762474781519e-003 5.646375805607e-003 6.359874856621e-003 6.881439259741e-003 7.195328738333e-003 7.292070438244e-003 7.168744807346e-003 6.829073702992e-003 6.283308068567e-003 5.547918569120e-003 4.645098522489e-003 3.602094127029e-003 2.712837592268e-003 1.939372864264e-003 1.248686218323e-003 6.112971377241e-004 0.000000000000e+000
 0.000000000000e+000 6.463021311887e-004 1.315580533007e-003 2.031628292013e-003 2.819901164662e-003 3.708422539700e-003 4.728779680670e-003 5.606426959366e-003 6.314877868866e-003 6.832752084450e-003 7.144420698965e-003 7.240477885660e-003 7.118024754424e-003 6.780756835204e-003 6.238852548698e-003 5.508666030354e-003 4.612233578095e-003 3.576608618725e-003 2.693643733991e-003 1.925651414126e-003 1.239851510850e-003 6.069720858855e-004 0.000000000000e+000
 0.000000000000e+000 6.406881792371e-004 1.304153046465e-003 2.013981010672e-003 2.795406708626e-003 3.676210106601e-003 4.687704089272e-003 5.557727811670e-003 6.260024839442e-003 6.773400569068e-003 7.082361857872e-003 7.177584588990e-003 7.056195060998e-003 6.721856710502e-003 6.184659550830e-003 5.460815663706e-003 4.572169933824e-003 3.545540791917e-003 2.670245672288e-003 1.908924430635e-003 1.229081657147e-003 6.016996785567e-004 0.000000000000e+000
 0.000000000000e+000 6.340742773886e-004 1.290690109759e-003 1.993190414466e-003 2.766549322205e-003 3.638260017959e-003 4.639312134913e-003 5.500354387424e-003 6.195401394809e-003 6.703477356460e-003 7.009249077910e-003 7.103488707829e-003 6.983352221491e-003 6.652465246855e-003 6.120813643562e-003 5.404442137382e-003 4.524970105218e-003 3.508939123821e-003 2.642679915971e-003 1.889218013067e-003 1.216393461329e-003 5.954881421757e-004 0.000000000000e+000
 0.000000000000e+000 6.264707547414e-004 1.275212747630e-003 1.969288969962e-003 2.733374066245e-003 3.594631528747e-003 4.583679370994e-003 5.434396256093e-003 6.121108415460e-003 6.623091592299e-003 6.925196475335e-003 7.018305885133e-003 6.899609916257e-003 6.572690732448e-003 6.047414456379e-003 5.339633417050e-003 4.470707740924e-003 3.466860724703e-003 2.610989475518e-003 1.866562908605e-003 1.201806720100e-003 5.883471682070e-004 0.000000000000e+000
 0.000000000000e+000 6.178894873992e-004 1.257745133548e-003 1.942314005584e-003 2.695932748696e-003 3.545392765310e-003 4.520892661033e-003 5.359956393834e-003 6.037261879848e-003 6.532368755397e-003 6.830335241654e-003 6.922169066040e-003 6.805098832967e-003 6.482657655176e-003 5.964576522562e-003 5.266490627034e-003 4.409467506461e-003 3.419371247777e-003 2.575223795269e-003 1.840994463907e-003 1.185344191601e-003 5.802878978990e-004 0.000000000000e+000
 0.000000000000e+000 6.083438808728e-004 1.238314553768e-003 1.912307655824e-003 2.654283846686e-003 3.490620622165e-003 4.451050046188e-003 5.277151025385e-003 5.943992685194e-003 6.431450462712e-003 6.724813438703e-003 6.815228289319e-003 6.699966460921e-003 6.382506506258e-003 5.872429098263e-003 5.185127890504e-003 4.341344950457e-003 3.366544785571e-003 2.535438675481e-003 1.812552569480e-003 1.167031559639e-003 5.713229047924e-004 0.000000000000e+000
 0.000000000000e+000 5.978488504949e-004 1.216951367284e-003 1.879316798980e-003 2.608492419372e-003 3.430400646370e-003 4.374260596501e-003 5.186109446234e-003 5.841446445584e-003 6.320494249310e-003 6.608795767151e-003 6.697650451582e-003 6.584376858381e-003 6.272393558073e-003 5.771115957871e-003 5.095672148788e-003 4.266446353515e-003 3.308463752938e-003 2.491696184432e-003 1.781281597004e-003 1.146897393435e-003 5.614661750451e-004 0.000000000000e+000
 0.000000000000e+000 5.864208000571e-004 1.193688962084e-003 1.843392988969e-003 2.558630012239e-003 3.364826910148e-003 4.290644246579e-003 5.086973825645e-003 5.729783267835e-003 6.199673323618e-003 6.482463308588e-003 6.569619044308e-003 6.458510392941e-003 6.152490616212e-003 5.660795165705e-003 4.998262959952e-003 4.184888559920e-003 3.245218756965e-003 2.444064560836e-003 1.747230329860e-003 1.124973103052e-003 5.507330856673e-004 0.000000000000e+000
 0.000000000000e+000 5.740775989651e-004 1.168563708252e-003 1.804592381995e-003 2.504774553738e-003 3.294001872726e-003 4.200331616634e-003 4.979898991350e-003 5.609177505679e-003 6.069176298274e-003 6.346013241323e-003 6.431333863654e-003 6.322563454809e-003 6.022984745680e-003 5.541638824077e-003 4.893052276786e-003 4.096798792442e-003 3.176908454103e-003 2.392618106915e-003 1.710451887186e-003 1.101292890780e-003 5.391403808150e-004 0.000000000000e+000
 0.000000000000e+000 5.608385583383e-004 1.141614908739e-003 1.762975659140e-003 2.447010245508e-003 3.218036232663e-003 4.103463820086e-003 4.865052196867e-003 5.479817492917e-003 5.929206896846e-003 6.199658529808e-003 6.283010692755e-003 6.176748142690e-003 5.884077970989e-003 5.413832797637e-003 4.780204204356e-003 4.002314450612e-003 3.103639395040e-003 2.337437072719e-003 1.671003642015e-003 1.075893698890e-003 5.267061463680e-004 0.000000000000e+000
 0.000000000000e+000 5.467244066747e-004 1.112884748955e-003 1.718607946467e-003 2.385427447990e-003 3.137048772517e-003 4.000192259423e-003 4.742612872739e-003 5.341905256260e-003 5.779983636578e-003 6.043627587394e-003 6.124880955947e-003 6.021291921583e-003 5.735986949616e-003 5.277576413787e-003 4.659894737303e-003 3.901582893013e-003 3.025525858070e-003 2.278607532554e-003 1.628947134313e-003 1.048815154409e-003 5.134497831449e-004 0.000000000000e+000
 0.000000000000e+000 5.317572659921e-004 1.082418246887e-003 1.671558734910e-003 2.320122564006e-003 3.051166198402e-003 3.890678412590e-003 4.612772363326e-003 5.195656208683e-003 5.621739487124e-003 5.878163911679e-003 5.957191343718e-003 5.856437251286e-003 5.578942617892e-003 5.133082138775e-003 4.532311477103e-003 3.794761204370e-003 2.942689672179e-003 2.216221254906e-003 1.584347980245e-003 1.020099511936e-003 4.993919793205e-004 0.000000000000e+000
 0.000000000000e+000 5.159606297954e-004 1.050263206267e-003 1.621901803292e-003 2.251197924055e-003 2.960522978133e-003 3.775093613143e-003 4.475733651389e-003 5.041298824210e-003 5.454721504882e-003 5.703525690996e-003 5.780203406403e-003 5.682441183546e-003 5.413189807763e-003 4.980575228740e-003 4.397653329627e-003 3.682015948718e-003 2.855260031669e-003 2.150375567967e-003 1.537275779695e-003 9.897915961046e-004 4.845546829162e-004 0.000000000000e+000
 0.000000000000e+000 4.993593448877e-004 1.016470176544e-003 1.569715149462e-003 2.178761678839e-003 2.865261183328e-003 3.653618828691e-003 4.331711073398e-003 4.879074295086e-003 5.279190441929e-003 5.519985379507e-003 5.594193113220e-003 5.499574924518e-003 5.238986831885e-003 4.820293354608e-003 4.256130183485e-003 3.563522910583e-003 2.763373305266e-003 2.081173224171e-003 1.487804025287e-003 9.579387462198e-004 4.689610757581e-004 0.000000000000e+000
 0.000000000000e+000 4.819796000613e-004 9.810924252790e-004 1.515080936951e-003 2.102927707207e-003 2.765530343271e-003 3.526444444163e-003 4.180930029635e-003 4.709236172336e-003 5.095420327550e-003 5.327829236613e-003 5.399450371196e-003 5.308123357182e-003 5.056605033069e-003 4.652486199052e-003 4.107962569968e-003 3.439466827351e-003 2.667172844410e-003 2.008722269130e-003 1.436010018090e-003 9.245907671225e-004 4.526355511109e-004 0.000000000000e+000
 0.000000000000e+000 4.638489262677e-004 9.441859314921e-004 1.458085468336e-003 2.023815551725e-003 2.661487322154e-003 3.393770059315e-003 4.023626694654e-003 4.532049990602e-003 4.903698018757e-003 5.127356823623e-003 5.196278495257e-003 5.108384515342e-003 4.866328291894e-003 4.477415022868e-003 3.953381305972e-003 3.310041117779e-003 2.566808798029e-003 1.933135923388e-003 1.381974798073e-003 8.897998926086e-004 4.356036984693e-004 0.000000000000e+000
 0.000000000000e+000 4.449962152673e-004 9.058094128748e-004 1.398819202196e-003 1.941550400252e-003 2.553296236885e-003 3.255804314260e-003 3.860047735862e-003 4.347792877844e-003 4.704322713597e-003 4.918880446443e-003 4.984993615827e-003 4.900668996204e-003 4.668452482965e-003 4.295352196740e-003 3.792627122158e-003 3.175447614623e-003 2.462437945546e-003 1.854532490505e-003 1.325783102246e-003 8.536207715254e-004 4.178923010458e-004 0.000000000000e+000
 0.000000000000e+000 4.254517674777e-004 8.660244066268e-004 1.337376839368e-003 1.856263141254e-003 2.441128441207e-003 3.112764763189e-003 3.690450051096e-003 4.156753149842e-003 4.497605416893e-003 4.702724526388e-003 4.765924002651e-003 4.685299291488e-003 4.463284865237e-003 4.106580692360e-003 3.625950280093e-003 3.035896313945e-003 2.354223566515e-003 1.773035312624e-003 1.267523370831e-003 8.161104925228e-004 3.995293547311e-004 0.000000000000e+000
 0.000000000000e+000 4.052473855090e-004 8.248954342253e-004 1.273857517804e-003 1.768090535003e-003 2.325162614769e-003 2.964877826042e-003 3.515100540450e-003 3.959229888014e-003 4.283868341582e-003 4.479224871200e-003 4.539409272051e-003 4.462609006345e-003 4.251143384195e-003 3.911393523826e-003 3.453610184403e-003 2.891605160880e-003 2.242335375923e-003 1.688772807077e-003 1.207287833770e-003 7.773286728441e-004 3.805441224764e-004 0.000000000000e+000
 0.000000000000e+000 3.844165388643e-004 7.824902968777e-004 1.208365176382e-003 1.677175564944e-003 2.205585015465e-003 2.812378862144e-003 3.334275933756e-003 3.755532496449e-003 4.063444218468e-003 4.248727802804e-003 4.305799427335e-003 4.232941919308e-003 4.032355852054e-003 3.710093125543e-003 3.275874999332e-003 2.742799902777e-003 2.126949570743e-003 1.601878636914e-003 1.145172728725e-003 7.373376515088e-004 3.609672463069e-004 0.000000000000e+000
 0.000000000000e+000 3.629946393541e-004 7.388805740892e-004 1.141009180856e-003 1.583668067771e-003 2.082589983278e-003 2.655512430873e-003 3.148262703500e-003 3.545980229034e-003 3.836675471013e-003 4.011589074880e-003 4.065453655926e-003 3.996650812387e-003 3.807258954569e-003 3.502990645362e-003 3.093021284020e-003 2.589714057507e-003 2.008249059064e-003 1.512492098879e-003 1.081278731827e-003 6.962028511766e-004 3.408309524180e-004 0.000000000000e+000
 0.000000000000e+000 3.410194888454e-004 6.941424380704e-004 1.071905356459e-003 1.487725793965e-003 1.956380829721e-003 2.494532835691e-003 2.957357103953e-003 3.330901668244e-003 3.603913186254e-003 3.768172477791e-003 3.818738768005e-003 3.754095964692e-003 3.576197006359e-003 3.290405119641e-003 2.905333667133e-003 2.432589070169e-003 1.886423983238e-003 1.420758860856e-003 1.015711730549e-003 6.539934114616e-004 3.201694061169e-004 0.000000000000e+000
 0.000000000000e+000 3.185319956554e-004 6.483579601216e-004 1.001177652530e-003 1.389516133885e-003 1.827171317394e-003 2.329705093748e-003 2.761865390740e-003 3.110634119644e-003 3.365515772625e-003 3.518847975473e-003 3.566027104923e-003 3.505643150673e-003 3.339520336211e-003 3.072662476530e-003 2.713104588692e-003 2.271674768869e-003 1.761672710646e-003 1.326832257975e-003 9.485841454771e-004 6.107832585434e-004 2.990193077721e-004 0.000000000000e+000
 0.000000000000e+000 2.955773103436e-004 6.016171851464e-004 9.289607925262e-004 1.289218876083e-003 1.695188043378e-003 2.161306540379e-003 2.562104288890e-003 2.885522852969e-003 3.121847131523e-003 3.263989140956e-003 3.307693665494e-003 3.251660909296e-003 3.097583122704e-003 2.850094278581e-003 2.516634141878e-003 2.107230284040e-003 1.634203562522e-003 1.230875480390e-003 8.800171331473e-004 5.666528765802e-004 2.774208765686e-004 0.000000000000e+000
 0.000000000000e+000 2.722066165766e-004 5.540214080347e-004 8.554044666764e-004 1.187030574805e-003 1.560674211461e-003 1.989629375105e-003 2.358401785052e-003 2.655920056381e-003 2.873274067187e-003 3.003969545094e-003 3.044112089250e-003 2.992516747240e-003 2.850740408296e-003 2.623036052377e-003 2.316230041528e-003 1.939525670151e-003 1.504237702444e-003 1.133065186526e-003 8.101442070152e-004 5.216922099788e-004 2.554194586179e-004 0.000000000000e+000
 0.000000000000e+000 2.484799432842e-004 5.056883325198e-004 7.806799512152e-004 1.083171445274e-003 1.423895552342e-003 1.814984595896e-003 2.151098302882e-003 2.422183243539e-003 2.620162493887e-003 2.739157597448e-003 2.775648998743e-003 2.728571805688e-003 2.599343882022e-003 2.391824934865e-003 2.112207705963e-003 1.768844564765e-003 1.372013845304e-003 1.033597407479e-003 7.391171518942e-004 4.760053913483e-004 2.330681395028e-004 0.000000000000e+000
 0.000000000000e+000 2.244705591450e-004 4.567601741838e-004 7.049905635074e-004 9.778962722250e-004 1.285149603923e-003 1.637707969742e-003 1.940548233773e-003 2.184672595596e-003 2.362871727206e-003 2.469909135350e-003 2.502656057392e-003 2.460173368567e-003 2.343735816908e-003 2.156796139250e-003 1.904890307804e-003 1.595488327863e-003 1.237795834906e-003 9.326971707080e-004 6.671156715942e-004 4.297184184772e-004 2.104319658260e-004 0.000000000000e+000
 0.000000000000e+000 2.002717847353e-004 4.074163394299e-004 6.285882071367e-004 8.715117841485e-004 1.144780348575e-003 1.458168980186e-003 1.727121523181e-003 1.943746184457e-003 2.101745692131e-003 2.196556825384e-003 2.225459013346e-003 2.187644471250e-003 2.084240255220e-003 1.918277296170e-003 1.694608288620e-003 1.419782180285e-003 1.101884793948e-003 8.306342609541e-004 5.943631610939e-004 3.829915807932e-004 1.875947154819e-004 0.000000000000e+000
 0.000000000000e+000 1.760073992075e-004 3.578931120819e-004 5.517996062837e-004 7.644046498900e-004 1.003201657672e-003 1.276784139249e-003 1.511204264122e-003 1.699750881032e-003 1.837099118441e-003 1.919395264647e-003 1.944343154659e-003 1.911269927824e-003 1.821150141959e-003 1.676578832212e-003 1.481696902440e-003 1.242083758707e-003 9.646387466365e-004 7.277493661661e-004 5.211526088081e-004 3.360394567897e-004 1.646696091426e-004 0.000000000000e+000
 0.000000000000e+000 1.518471219762e-004 3.085137488922e-004 4.750679066430e-004 6.570873635099e-004 8.609359207983e-004 1.094036827093e-003 1.293195245769e-003 1.453004264656e-003 1.569195542811e-003 1.638660806669e-003 1.659535419237e-003 1.631278686271e-003 1.554708676193e-003 1.431976771195e-003 1.266488019670e-003 1.062793759451e-003 8.265050651933e-004 6.244984505898e-004 4.478893552809e-004 2.891626858484e-004 1.418158289841e-004 0.000000000000e+000
 0.000000000000e+000 1.280285634905e-004 2.597331153072e-004 3.990182783465e-004 5.502751165966e-004 7.186807064993e-004 9.105075312069e-004 1.073489914820e-003 1.203757376022e-003 1.298212084699e-003 1.354506292093e-003 1.371185766179e-003 1.347824320706e-003 1.285083018301e-003 1.184680951404e-003 1.049286614270e-003 8.823653704866e-004 6.880769506215e-004 5.215307207139e-004 3.751618391128e-004 2.427970872148e-004 1.192627895659e-004 0.000000000000e+000
 0.000000000000e+000 1.048856569709e-004 2.122000964756e-004 3.245594484789e-004 4.450177518453e-004 5.774319303684e-004 7.269233815953e-004 8.524271893309e-004 9.521162644407e-004 1.024184182200e-003 1.066974800276e-003 1.079355919552e-003 1.060970185723e-003 1.012329892704e-003 9.347759076004e-004 8.303080056250e-004 7.012980883181e-004 5.502018339278e-004 4.198320953959e-004 3.038576462744e-004 1.975853671428e-004 9.734258171957e-005 0.000000000000e+000
 0.000000000000e+000 8.287898996063e-005 1.668347625900e-004 2.530333146776e-004 3.429304895081e-004 4.387325642894e-004 5.442544981808e-004 6.301233583358e-004 6.978763643228e-004 7.469262147703e-004 7.759872785089e-004 7.840344234723e-004 7.706956662308e-004 7.363593469307e-004 6.821152136222e-004 6.095176318584e-004 5.200581066771e-004 4.142256709192e-004 3.210025696814e-004 2.353465563605e-004 1.544692840495e-004 7.652510423976e-005 0.000000000000e+000
 0.000000000000e+000 6.261256440719e-005 1.248972969148e-004 1.864090605325e-004 2.465943990762e-004 3.052256849788e-004 3.639641782959e-004 4.059354145907e-004 4.401891883814e-004 4.659497719906e-004 4.813840221429e-004 4.852137617383e-004 4.769570099502e-004 4.569247430027e-004 4.261577919458e-004 3.862432554947e-004 3.386845131168e-004 2.826740135389e-004 2.278062646920e-004 1.717346765659e-004 1.147722140695e-004 5.743542629400e-005 0.000000000000e+000
 0.000000000000e+000 4.480214708097e-005 8.797800990804e-005 1.274472017839e-004 1.601940074872e-004 1.819860975468e-004 1.888889769751e-004 1.765806389412e-004 1.770237015040e-004 1.805105266964e-004 1.831062608996e-004 1.830790209210e-004 1.798553657183e-004 1.737221395064e-004 1.658218077629e-004 1.583538151388e-004 1.550129088284e-004 1.616037609542e-004 1.451816772756e-004 1.160757664313e-004 8.016914700519e-005 4.080625379764e-005 0.000000000000e+000
 0.000000000000e+000 3.014082128780e-005 5.775573165159e-005 7.953960924556e-005 9.019326256787e-005 7.982135785176e-005 2.702969084574e-005 -2.155359799013e-006 -1.928235006579e-005 -2.947326263342e-005 -3.519194436369e-005 -3.760344371989e-005 -3.707148379157e-005 -3.328148679302e-005 -2.509584421386e-005 -1.000337580499e-005 1.743312147128e-005 7.019193401530e-005 8.121109648869e-005 7.199084736150e-005 5.231907961804e-005 2.729848186848e-005 0.000000000000e+000
 0.000000000000e+000 1.902988102642e-005 3.532758066606e-005 4.546576087326e-005 4.428370904877e-005 2.278948028598e-005 -3.710068111129e-005 -5.445695462577e-005 -7.078398510258e-005 -8.260884631753e-005 -8.971746916149e-005 -9.234849860543e-005 -9.055742677169e-005 -8.402927890408e-005 -7.191154747762e-005 -5.250311169680e-005 -2.263976820444e-005 2.340573101366e-005 4.081950037761e-005 4.131786372194e-005 3.196931410690e-005 1.719116571399e-005 0.000000000000e+000
 0.000000000000e+000 1.129794028974e-005 2.025971962279e-005 2.425750778254e-005 2.019151824325e-005 4.928141498443e-006 -2.130912715687e-005 -3.823705582940e-005 -5.109414331571e-005 -6.028667807140e-005 -6.584698265626e-005 -6.781515895695e-005 -6.614386334333e-005 -6.061323337054e-005 -5.079540570983e-005 -3.612784115572e-005 -1.639464082862e-005 6.213283293467e-006 1.902189499071e-005 2.219087150761e-005 1.836379358888e-005 1.020380419135e-005 0.000000000000e+000
 0.000000000000e+000 6.286173036680e-006 1.084446961876e-005 1.193753549691e-005 7.983016371232e-006 -1.791800416586e-006 -1.570319047807e-005 -2.766038730958e-005 -3.716995414216e-005 -4.407585646645e-005 -4.827639246056e-005 -4.970999484521e-005 -4.830961066474e-005 -4.397693064394e-005 -3.661781599220e-005 -2.630386008269e-005 -1.369841976048e-005 -9.243485722394e-007 7.646145577878e-006 1.097246957948e-005 9.846342813512e-006 5.679859600884e-006 0.000000000000e+000
 0.000000000000e+000 3.215946776242e-006 5.263049556652e-006 5.070900330452e-006 1.866151733992e-006 -4.436071993771e-006 -1.269719599389e-005 -2.066880276603e-005 -2.737793707520e-005 -3.238289418682e-005 -3.545796384646e-005 -3.648299805147e-005 -3.539424780218e-005 -3.217548750314e-005 -2.690087003519e-005 -1.985303411388e-005 -1.173413772424e-005 -3.896414579511e-006 1.828992087940e-006 4.657729713593e-006 4.774151050754e-006 2.902859310166e-006 0.000000000000e+000
 0.000000000000e+000 1.423873272045e-006 2.099770476290e-006 1.389222433114e-006 -1.089808011778e-006 -5.272223857948e-006 -1.050285468658e-005 -1.578963583108e-005 -2.041593622887e-005 -2.395147286743e-005 -2.614767760238e-005 -2.687004421455e-005 -2.606438176533e-005 -2.375302603538e-005 -2.006336354286e-005 -1.528966761641e-005 -9.971215152308e-006 -4.916392967261e-006 -1.016280314226e-006 1.246841891998e-006 1.885995614583e-006 1.276798340111e-006 0.000000000000e+000
 0.000000000000e+000 4.281727256245e-007 3.943070122753e-007 -4.767539408571e-007 -2.379424500024e-006 -5.239361702693e-006 -8.684262957639e-006 -1.222025306281e-005 -1.538424587704e-005 -1.784431897590e-005 -1.938647761660e-005 -1.989007282687e-005 -1.931203184282e-005 -1.768564629848e-005 -1.513493868078e-005 -1.189980131975e-005 -8.354699883532e-006 -4.983834362029e-006 -2.266353878336e-006 -4.888046544610e-007 3.237473278505e-007 3.708431000332e-007 0.000000000000e+000
 0.000000000000e+000 -9.093596001554e-008 -4.605588724188e-007 -1.327325386880e-006 -2.792650043467e-006 -4.799619443654e-006 -7.131697867259e-006 -9.525390391866e-006 -1.168910816324e-005 -1.338887590520e-005 -1.446105426843e-005 -1.480965974702e-005 -1.440217831916e-005 -1.326986003947e-005 -1.151332444236e-005 -9.309244247148e-006 -6.907511735061e-006 -4.602836591779e-006 -2.669693476175e-006 -1.279554646751e-006 -4.597315698570e-007 -1.019234105192e-007 0.000000000000e+000
 0.000000000000e+000 -3.344485705882e-007 -8.339353691662e-007 -1.624453956316e-006 -2.759151914953e-006 -4.197905414799e-006 -5.810789354094e-006 -7.452206793506e-006 -8.938601476538e-006 -1.011160127700e-005 -1.085387312383e-005 -1.109433829202e-005 -1.080940986222e-005 -1.002397597602e-005 -8.812707199076e-006 -7.299155421417e-006 -5.647317797013e-006 -4.039585227499e-006 -2.639812263667e-006 -1.552606895888e-006 -8.001006902856e-007 -3.229964797261e-007 0.000000000000e+000
 0.000000000000e+000 -4.242907279615e-007 -9.446252110415e-007 -1.632617702481e-006 -2.515380728718e-006 -3.564746157236e-006 -4.700299429515e-006 -5.840496550703e-006 -6.869063983481e-006 -7.680865161006e-006 -8.194833014357e-006 -8.360633230320e-006 -8.161652793994e-006 -7.616134023094e-006 -6.776770227036e-006 -5.727509243548e-006 -4.575248527336e-006 -3.434490597053e-006 -2.405918152092e-006 -1.554806481896e-006 -8.979696584519e-007 -4.032441205602e-007 0.000000000000e+000
 0.000000000000e+000 -4.325106044432e-007 -9.197644822891e-007 -1.501502944548e-006 -2.190503937436e-006 -2.966563418461e-006 -3.778452019971e-006 -4.580589640846e-006 -5.298763271471e-006 -5.863815886618e-006 -6.220949511306e-006 -6.335515847760e-006 -6.196058588193e-006 -5.815328730651e-006 -5.229405652599e-006 -4.494390164499e-006 -3.679820425636e-006 -2.858444041963e-006 -2.093499739028e-006 -1.426668171740e-006 -8.706537639224e-007 -4.085926002664e-007 0.000000000000e+000
 0.000000000000e+000 -4.006880720744e-007 -8.316816005344e-007 -1.314161147853e-006 -1.853023021444e-006 -2.433383915392e-006 -3.021733616429e-006 -3.593010313115e-006 -4.099479994469e-006 -4.495818188012e-006 -4.745451976211e-006 -4.824951952571e-006 -4.726532092426e-006 -4.458855348995e-006 -4.046177774900e-006 -3.525644222157e-006 -2.942521013990e-006 -2.343510706820e-006 -1.769057753801e-006 -1.246380332727e-006 -7.851877604437e-007 -3.772747136293e-007 0.000000000000e+000
 0.000000000000e+000 -3.521793125900e-007 -7.203812289503e-007 -1.115104843116e-006 -1.537026605512e-006 -1.974925392232e-006 -2.406348362945e-006 -2.817990229468e-006 -3.178907544878e-006 -3.459402504146e-006 -3.635231334887e-006 -3.690720183904e-006 -3.620627535980e-006 -3.430740416827e-006 -3.137193314782e-006 -2.764469926972e-006 -2.342111426061e-006 -1.900390163965e-006 -1.465587655393e-006 -1.055861456053e-006 -6.787308228263e-007 -3.308328327404e-007 0.000000000000e+000
 0.000000000000e+000 -2.996183850437e-007 -6.070446329248e-007 -9.267523632051e-007 -1.257296092359e-006 -1.590069641442e-006 -1.909698401603e-006 -2.209576450801e-006 -2.469480893221e-006 -2.669910940089e-006 -2.794839122211e-006 -2.833840178643e-006 -2.783405358401e-006 -2.647364812851e-006 -2.436393204293e-006 -2.166611630102e-006 -1.857377204298e-006 -1.528498954475e-006 -1.197309330365e-006 -8.761662828229e-007 -5.709520975802e-007 -2.809303444913e-007 0.000000000000e+000
 0.000000000000e+000 -2.494335051881e-007 -5.020597617571e-007 -7.590638311253e-007 -1.018070756698e-006 -1.272404535997e-006 -1.511330030920e-006 -1.731998763768e-006 -1.921078945626e-006 -2.065713659253e-006 -2.155303766366e-006 -2.182929587603e-006 -2.146248456557e-006 -2.047785545636e-006 -1.894592731762e-006 -1.697301864866e-006 -1.468666109026e-006 -1.221774248360e-006 -9.682203359138e-007 -7.165720690015e-007 -4.714597052181e-007 -2.334889011165e-007 0.000000000000e+000
 0.000000000000e+000 -2.045340202624e-007 -4.097618907201e-007 -6.151727225794e-007 -8.181223901100e-007 -1.013396256062e-006 -1.193367542916e-006 -1.357233101945e-006 -1.496121319864e-006 -1.601507525679e-006 -1.666363372923e-006 -1.686092657978e-006 -1.659131637572e-006 -1.587145479943e-006 -1.474799996395e-006 -1.329133652470e-006 -1.158605793788e-006 -9.719535505876e-007 -7.770409761526e-007 -5.799089201282e-007 -3.842131793497e-007 -1.911671151372e-007 0.000000000000e+000
 0.000000000000e+000 -1.658927156815e-007 -3.312087030576e-007 -4.946522561596e-007 -6.536574819479e-007 -8.041355042485e-007 -9.405846062215e-007 -1.063257094137e-006 -1.166189398083e-006 -1.243689147579e-006 -1.291073949010e-006 -1.305281751300e-006 -1.285266978792e-006 -1.232131539168e-006 -1.148975035131e-006 -1.040483758530e-006 -9.123141984124e-007 -7.703619820341e-007 -6.200346761842e-007 -4.656565446592e-007 -3.101166403254e-007 -1.548275785894e-007 0.000000000000e+000
 0.000000000000e+000 -1.334667672765e-007 -2.657856026360e-007 -3.953831518426e-007 -5.199373368141e-007 -6.362359291840e-007 -7.402571324866e-007 -8.327446642053e-007 -9.096462200405e-007 -9.671288614034e-007 -1.002053231937e-006 -1.012369382204e-006 -9.973758998480e-007 -9.578065332285e-007 -8.957331444584e-007 -8.142990540214e-007 -7.173215602075e-007 -6.088244267024e-007 -4.925763469757e-007 -3.717147298495e-007 -2.485219147784e-007 -1.243933983400e-007 0.000000000000e+000
 0.000000000000e+000 -1.067252334834e-007 -2.121177359893e-007 -3.145963288851e-007 -4.121452489278e-007 -5.022391575712e-007 -5.819042854613e-007 -6.520624425009e-007 -7.099285444375e-007 -7.528972425401e-007 -7.788472960462e-007 -7.863974286870e-007 -7.750749242303e-007 -7.453725919716e-007 -6.986864081514e-007 -6.371434625484e-007 -5.633463504482e-007 -4.800739733642e-007 -3.899873425933e-007 -2.953898135465e-007 -1.980826404810e-007 -9.933942121710e-008 0.000000000000e+000
 0.000000000000e+000 -8.494397917549e-008 -1.685735770160e-007 -2.494321836765e-007 -3.258168266676e-007 -3.957420823400e-007 -4.569875568775e-007 -5.104864708939e-007 -5.543020448679e-007 -5.866450047758e-007 -6.060691389059e-007 -6.116364477044e-007 -6.030265063856e-007 -5.805738091141e-007 -5.452279052919e-007 -4.984427323473e-007 -4.420124061972e-007 -3.778794369151e-007 -3.079463457775e-007 -2.339215988755e-007 -1.572249920037e-007 -7.896669439947e-008 0.000000000000e+000
 0.000000000000e+000 -6.736431850422e-008 -1.335301584998e-007 -1.972201035219e-007 -2.570221769441e-007 -3.113759092826e-007 -3.586096936464e-007 -3.995861291692e-007 -4.329422388348e-007 -4.574356835555e-007 -4.720706596199e-007 -4.762045089147e-007 -4.696185774594e-007 -4.525426631089e-007 -4.256296030762e-007 -3.898841810090e-007 -3.465575956824e-007 -2.970242287788e-007 -2.426604136466e-007 -1.847445980365e-007 -1.243944604629e-007 -6.254964284695e-008 0.000000000000e+000
 0.000000000000e+000 -5.327282292679e-008 -1.055012722719e-007 -1.555993283963e-007 -2.024119505371e-007 -2.447132314812e-007 -2.812359761081e-007 -3.127379451110e-007 -3.382486037345e-007 -3.568955595586e-007 -3.679858570198e-007 -3.710748934562e-007 -3.660123465211e-007 -3.529581799213e-007 -3.323664577445e-007 -3.049396600008e-007 -2.715607524256e-007 -2.332137370965e-007 -1.909051945149e-007 -1.455990100827e-007 -9.817397383731e-008 -4.940959094142e-008 0.000000000000e+000
 0.000000000000e+000 -4.203642311607e-008 -8.318872584958e-008 -1.225527469386e-007 -1.591929675579e-007 -1.921467985306e-007 -2.204480584588e-007 -2.447415211261e-007 -2.643281736871e-007 -2.785883986809e-007 -2.870346768111e-007 -2.893562505048e-007 -2.854489416694e-007 -2.754256436507e-007 -2.596060038760e-007 -2.384870164335e-007 -2.126991728387e-007 -1.829550177347e-007 -1.499980449983e-007 -1.145596150228e-007 -7.732995654878e-008 -3.894657459028e-008 0.000000000000e+000
 0.000000000000e+000 -3.311294510214e-008 -6.549201299941e-008 -9.639548541066e-008 -1.250712802886e-007 -1.507639323494e-007 -1.727332333062e-007 -1.915161993164e-007 -2.066039080892e-007 -2.175513323708e-007 -2.240116776563e-007 -2.257654347537e-007 -2.227397938077e-007 -2.150155376149e-007 -2.028204489137e-007 -1.865103225371e-007 -1.665405472962e-007 -1.434326156039e-007 -1.177405914694e-007 -9.002238357129e-008 -6.081963509059e-008 -3.064831686784e-008 0.000000000000e+000
 0.000000000000e+000 -2.604884022492e-008 -5.149694328519e-008 -7.574234587308e-008 -9.818385927167e-008 -1.182288252672e-007 -1.353079027663e-007 -1.498616883461e-007 -1.615159192269e-007 -1.699475187502e-007 -1.749071034804e-007 -1.762379720553e-007 -1.738887954437e-007 -1.679181604493e-007 -1.584903400068e-007 -1.458629788180e-007 -1.303685798388e-007 -1.123925602406e-007 -9.235106534489e-008 -7.067160464600e-008 -4.777891616855e-008 -2.408738178316e-008 0.000000000000e+000
 0.000000000000e+000 -2.047086227014e-008 -4.045493480957e-008 -5.946754792803e-008 -7.703021623255e-008 -9.267815895955e-008 -1.059720142369e-007 -1.172693635506e-007 -1.262924400151e-007 -1.328043234376e-007 -1.366237977067e-007 -1.376378349378e-007 -1.358099326936e-007 -1.311831207790e-007 -1.238772318310e-007 -1.140808689148e-007 -1.020392663893e-007 -8.803980139194e-008 -7.239717730739e-008 -5.544022025186e-008 -3.750181384512e-008 -1.891281849436e-008 0.000000000000e+000
 0.000000000000e+000 -1.607547058628e-008 -3.175943297535e-008 -4.666397329034e-008 -6.040952536811e-008 -7.263167507459e-008 -8.299042735004e-008 -9.177367732357e-008 -9.877356771103e-008 -1.038147335852e-007 -1.067641902287e-007 -1.075395979212e-007 -1.061147729802e-007 -1.025216871693e-007 -9.684869297705e-008 -8.923524665974e-008 -7.986388715237e-008 -6.895058557019e-008 -5.673474821139e-008 -4.347010502335e-008 -2.941745484190e-008 -1.483981368349e-008 0.000000000000e+000
 0.000000000000e+000 -1.261798599173e-008 -2.492284379824e-008 -3.660547690054e-008 -4.736553279770e-008 -5.691731130317e-008 -6.499708650203e-008 -7.183527954854e-008 -7.727519915246e-008 -8.118593571804e-008 -8.346900234776e-008 -8.406385060813e-008 -8.295153938675e-008 -8.015607185243e-008 -7.574323054052e-008 -6.981708081357e-008 -6.251462295414e-008 -5.399930030114e-008 -4.445417850837e-008 -3.407557999796e-008 -2.306779513976e-008 -1.163922611335e-008 0.000000000000e+000
 0.000000000000e+000 -9.902509955474e-009 -1.955559695275e-008 -2.871376338809e-008 -3.713975335445e-008 -4.460954837014e-008 -5.091814690333e-008 -5.624917476925e-008 -6.048373424143e-008 -6.352334619366e-008 -6.529445578960e-008 -6.575214717824e-008 -6.488260589311e-008 -6.270401855085e-008 -5.926579931015e-008 -5.464625001236e-008 -4.894895784120e-008 -4.229838029641e-008 -3.483513592337e-008 -2.671150165730e-008 -1.808751643410e-008 -9.127925367752e-009 0.000000000000e+000
 0.000000000000e+000 -7.773039288128e-009 -1.534795767965e-008 -2.253019582814e-008 -2.913253440628e-008 -3.497924328204e-008 -3.991064099682e-008 -4.407262413144e-008 -4.737443668597e-008 -4.974147416498e-008 -5.111837439936e-008 -5.147154459579e-008 -5.079082926047e-008 -4.909011978070e-008 -4.640683392310e-008 -4.280033214199e-008 -3.834946339449e-008 -3.314952651455e-008 -2.730897813288e-008 -2.094620806168e-008 -1.418664073761e-008 -7.160318633200e-009 0.000000000000e+000
 0.000000000000e+000 -6.105892014298e-009 -1.205466967130e-008 -1.769232030742e-008 -2.287114852577e-008 -2.745318037738e-008 -3.131376052893e-008 -3.456860412461e-008 -3.714805184973e-008 -3.899521463903e-008 -4.006811936876e-008 -4.034144696793e-008 -3.980767374497e-008 -3.847748755100e-008 -3.637943219463e-008 -3.355882196363e-008 -3.007604860756e-008 -2.600446329216e-008 -2.142804532621e-008 -1.643906437227e-008 -1.113590463885e-008 -5.621155975213e-009 0.000000000000e+000
 0.000000000000e+000 -4.803395971583e-009 -9.482242138778e-009 -1.391462213859e-008 -1.798394031542e-008 -2.158169225405e-008 -2.461030537416e-008 -2.716151456073e-008 -2.918155886572e-008 -3.062677939045e-008 -3.146512777842e-008 -3.167737628832e-008 -3.125790745496e-008 -3.021500064227e-008 -2.857058500257e-008 -2.635948506167e-008 -2.362823689003e-008 -2.043359158335e-008 -1.684084231575e-008 -1.292210876162e-008 -8.754689579846e-009 -4.419554521650e-009 0.000000000000e+000
 0.000000000000e+000 -3.788715287565e-009 -7.478578439941e-009 -1.097293832709e-008 -1.417956534740e-008 -1.701289635815e-008 -1.939628251639e-008 -2.140252915269e-008 -2.298989743021e-008 -2.412465459948e-008 -2.478214906657e-008 -2.494766405993e-008 -2.461697081221e-008 -2.379652766642e-008 -2.250330535461e-008 -2.076425450339e-008 -1.861546567652e-008 -1.610109659774e-008 -1.327215485852e-008 -1.018522336820e-008 -6.901201872180e-009 -3.484114005581e-009 0.000000000000e+000
 0.000000000000e+000 -3.001663654069e-009 -5.924611939515e-009 -8.691953236611e-009 -1.123044421062e-008 -1.347230712974e-008 -1.535701578033e-008 -1.694253964583e-008 -1.819624060459e-008 -1.909184962532e-008 -1.961024451800e-008 -1.974006111408e-008 -1.947808625191e-008 -1.882939772489e-008 -1.780723802209e-008 -1.643263225769e-008 -1.473378228568e-008 -1.274528561676e-008 -1.050723640469e-008 -8.064266049789e-009 -5.464572620438e-009 -2.758973816763e-009 0.000000000000e+000
 0.000000000000e+000 -2.395352737802e-009 -4.727627645370e-009 -6.935254507168e-009 -8.959669476205e-009 -1.074679072940e-008 -1.224844714782e-008 -1.351108630951e-008 -1.450894386195e-008 -1.522135627025e-008 -1.563333324460e-008 -1.573600294631e-008 -1.552689571500e-008 -1.501004385338e-008 -1.419588826843e-008 -1.310099900848e-008 -1.174763006958e-008 -1.016314043691e-008 -8.379319006437e-009 -6.431651570944e-009 -4.358563613135e-009 -2.200663523835e-009 0.000000000000e+000
 0.000000000000e+000 -1.933536743180e-009 -3.815981601563e-009 -5.597494244551e-009 -7.230724096208e-009 -8.672018435225e-009 -9.882578122248e-009 -1.090001918167e-008 -1.170373092156e-008 -1.227723287892e-008 -1.260860518490e-008 -1.269081960939e-008 -1.252194881706e-008 -1.210523862808e-008 -1.144903733341e-008 -1.056658638772e-008 -9.475686066955e-009 -8.198257025648e-009 -6.759823041129e-009 -5.188940810522e-009 -3.516600151031e-009 -1.775612610986e-009 0.000000000000e+000
 0.000000000000e+000 -1.588532793356e-009 -3.134971467307e-009 -4.598273377369e-009 -5.939483703055e-009 -7.122739372313e-009 -8.116220463394e-009 -8.950913363224e-009 -9.610010072158e-009 -1.008010508352e-008 -1.035152767941e-008 -1.041859498438e-008 -1.027977049453e-008 -9.937717674466e-009 -9.399244819933e-009 -8.675143678766e-009 -7.779931169092e-009 -6.731508319448e-009 -5.550753623685e-009 -4.261068781365e-009 -2.887893650115e-009 -1.458203728758e-009 0.000000000000e+000
 0.000000000000e+000 -1.339616576413e-009 -2.643654525495e-009 -3.877437599868e-009 -5.008078661505e-009 -6.005334079914e-009 -6.842407331206e-009 -7.545484341037e-009 -8.100474982806e-009 -8.496165064746e-009 -8.724482310338e-009 -8.780696974593e-009 -8.663546519312e-009 -8.375276854397e-009 -7.921597546716e-009 -7.311552691877e-009 -6.557313911390e-009 -5.673905416320e-009 -4.678873131928e-009 -3.591911262305e-009 -2.434458250568e-009 -1.229273105496e-009 0.000000000000e+000
 0.000000000000e+000 -1.171812016521e-009 -2.312449243735e-009 -3.391536418550e-009 -4.380281864065e-009 -5.252229953163e-009 -5.983964878690e-009 -6.598428047982e-009 -7.083349211716e-009 -7.428978277952e-009 -7.628308781173e-009 -7.677245021371e-009 -7.574705208554e-009 -7.322654887236e-009 -6.926068771116e-009 -6.392822217956e-009 -5.733517102544e-009 -4.961249351748e-009 -4.091327469335e-009 -3.140951910781e-009 -2.128865089561e-009 -1.074980773111e-009 0.000000000000e+000
 0.000000000000e+000 -1.075011677887e-009 -2.121393243773e-009 -3.111253943735e-009 -4.018166479527e-009 -4.817860271802e-009 -5.488867603523e-009 -6.052255163689e-009 -6.496797910959e-009 -6.813585476648e-009 -6.996221791723e-009 -7.040973778978e-009 -6.946862398761e-009 -6.715691860543e-009 -6.352015105430e-009 -5.863036776039e-009 -5.258457353835e-009 -4.550264544372e-009 -3.752479571288e-009 -2.880866438875e-009 -1.952612895699e-009 -9.859903910294e-010 0.000000000000e+000
 0.000000000000e+000 -1.043380672754e-009 -2.058963425386e-009 -3.019669914554e-009 -3.899845740350e-009 -4.675934284228e-009 -5.327104070327e-009 -5.873808712956e-009 -6.305163948580e-009 -6.612533037479e-009 -6.789718668027e-009 -6.833105726912e-009 -6.741748513309e-009 -6.517398580425e-009 -6.164471399453e-009 -5.689952972431e-009 -5.103249904564e-009 -4.415988483306e-009 -3.641769756094e-009 -2.795888750291e-009 -1.895025242844e-009 -9.569139247041e-010 0.000000000000e+000

